1000
192213
159364
48380
7337
120646
31924
98617
151043
18063
148640
58588
139649
72233
81429
66463
169070
67022
151595
50772
196557
78008
5952
170237
15168
17993
197196
58758
51963
131680
6465
16735
46687
133788
127156
111010
181503
138754
58149
27371
172451
25683
59826
252
106803
47443
18166
38631
6355
194628
130261
80431
66962
159689
111715
3167
56559
138014
132656
66760
38240
59470
133881
154458
50378
100347
938
65523
47307
45689
29813
689
198570
104994
12766
101421
68897
128727
137691
149833
37045
32978
20286
20262
132939
123860
42671
79301
171190
176347
134417
161498
71274
179895
90736
96517
160842
145320
178631
159630
33928
170685
142496
133959
28368
84758
17135
56568
90689
135152
134998
84112
165841
162923
80397
155033
175651
14795
81272
10108
74039
12227
136372
140921
135486
166472
103652
191541
155947
150986
174310
78062
134192
130401
162046
139687
88588
150484
151502
69330
190851
185249
49300
44764
152818
83514
131375
184309
175428
179912
139971
141273
144371
100038
23454
121853
52025
123216
32
39879
2779
94068
103606
20616
93017
155455
198750
2857
45837
153667
148879
185597
12991
74800
198020
16384
100980
163980
66237
138699
58901
92634
141268
19972
192537
14123
48369
199414
99042
35479
59141
82863
183597
152517
10906
87035
119477
143724
116588
92146
10115
27851
106536
146351
192750
59713
154877
170674
161688
95201
143586
110027
155037
135131
168502
162057
159678
136796
187501
20638
183207
15035
112912
195414
5977
85710
105992
153484
155501
42640
122803
17869
48612
27316
184603
33484
143036
4794
152674
89301
2114
197774
142043
73774
133430
106438
131544
8402
174360
163159
141786
155599
127116
38831
154653
188220
130561
141306
186635
153496
11142
66043
137476
14176
188390
165976
28509
58829
199598
120422
61711
116090
3939
60114
120800
172491
25487
195819
100375
90229
39088
48534
92097
156554
167132
144285
125313
5155
140071
24564
154579
174163
40294
37279
126020
140570
26123
118248
141971
10745
81412
109621
160200
68718
18535
33367
158942
135031
62631
4276
195299
160476
139304
78254
199147
2699
187781
58696
198771
124370
104604
123652
183413
108430
28164
143913
30047
167868
80270
13489
178728
11656
191487
101742
38345
27366
162038
155342
46521
91397
180522
46529
59983
95549
149386
195089
49572
141387
171095
176644
127689
33979
16218
76695
198089
41610
54856
146113
103087
36739
133756
125321
181048
90635
157402
131739
22523
23396
168465
150297
159072
104923
34205
3778
68067
49721
1211
151791
31902
18395
130705
78036
360
125512
185412
155218
170483
87299
83899
176241
65122
112191
145502
26519
65332
142732
57537
93715
29153
52141
9090
74484
104361
100987
141157
27308
191889
115036
124800
109886
116164
17151
55512
112804
13655
113631
77659
100877
42978
89478
91734
85244
146713
175587
105767
158037
849
15387
105480
79530
69784
77138
10966
188164
109581
149115
174787
32257
65150
38159
35483
15280
198894
156932
21390
74341
167373
149515
156855
197514
84680
140643
106274
110882
62735
45364
56245
113171
90632
137178
20375
159079
168231
103394
196035
190315
72786
35387
139400
192704
81235
141310
141137
104365
131464
123964
104191
17356
28750
72197
121473
183489
139862
70062
176915
148630
3555
79264
137383
156676
14928
86637
160981
59333
128487
87043
81884
39704
99471
170586
178562
134043
97008
4372
113855
116113
4202
187197
90699
183620
187754
1701
189599
54822
93485
92799
75664
77199
170524
113252
79937
134525
138850
186380
16410
105705
28507
110108
14187
188357
55527
189669
139225
90483
23414
107506
143237
84786
20643
106318
137729
131993
164848
89959
85222
72628
52141
131391
43740
1803
8109
197413
35462
9995
99518
39750
196585
29544
130935
37709
12795
50272
152889
199926
29678
163023
70842
2971
9386
11478
179279
21303
93125
17495
72127
15225
56162
12941
12739
145776
106723
163310
162792
146612
75645
10551
97908
20568
104592
176603
113963
167934
196588
100162
87619
145339
62907
93529
134683
194055
122930
7938
144528
49317
59492
28135
132388
98510
53362
128786
95004
56258
56543
67542
151073
135176
131218
129460
198530
123774
81197
123376
99842
56119
4069
18814
66151
31139
121535
29203
137384
182751
153753
104073
151155
140404
25519
73345
33116
141894
93164
156502
17266
113287
105818
145301
30159
99875
58112
36654
2898
116061
16061
125668
170267
46952
130752
89594
148072
47839
195367
56694
124545
178438
56142
79319
88858
151399
134508
102718
40600
17425
41914
28602
43430
147900
11014
48114
4449
102467
62470
176986
84129
180546
121111
101681
100115
65340
110894
98883
22814
153640
57643
44572
121491
190147
177026
194622
124474
120554
165745
57662
4519
181204
167349
95929
118984
44610
114837
132250
143594
183751
145171
157635
41136
15294
89724
65980
183811
128397
177503
101536
84573
100767
186953
42457
47211
86766
132833
98153
184911
175037
101749
110698
124245
28678
54701
151144
120346
14652
54005
73886
147694
68364
197145
60468
11339
72873
148370
151149
91787
144028
137013
3182
190080
103498
149755
79823
48627
40647
29868
1204
102449
172765
12603
125285
157400
151468
144023
53283
7557
15875
20914
194876
196474
13506
112271
18488
45364
157625
80104
2041
89456
16269
64424
16974
182636
37813
98935
103436
83258
3225
68951
34891
90872
146341
40025
74620
57156
179699
178946
104583
187496
155927
124126
62210
124529
9088
5256
170854
163734
62852
49939
181345
33262
17002
176059
137983
127896
125259
109968
29254
116008
98362
190067
193099
39123
75389
122309
21610
70197
162365
86558
30990
123492
105787
29985
97493
127446
137362
55664
187524
65966
37676
25957
110268
130150
199848
138439
54233
21643
79620
22891
147738
72336
118804
60726
53269
79706
59499
50817
43759
70419
42361
128023
184422
154751
105157
71103
102425
196510
160502
194742
66394
167735
156768
6424
58884
57591
104883
44954
20161
97792
21913
196229
111833
124654
135349
89456
110232
10994
173313
42204
109240
128068
141930
73970
168411
144611
95969
184691
193685
23472
84439
170540
9726
144709
169881
128637
57386
144737
1862
55535
128692
41202
104339
94292
172280
128442
67431
92210
134177
188690
11237
128303
111162
164125
66233
142397
132157
149632
90537
102670
52055
193418
61656
8113
105251
170123
190359
130846
159180
160055
178299
76950
161334
76264
12373
66389
111120
139046
44279
67874
196554
92318
21702
199671
59227
196213
136978
26514
189534
32440
30539
186206
77475
81345
89848
199822
191789
42837
59047
131791
172873
59376
56186
129495
120186
185098
184624
15504
160976
56467
129434
146091
117985
41281
161125
13656
53691
57411
24249
20230
78136
187093
26082
121206
111667
2868
23875
108818
