1000
26511
98357
9081
145531
8051
24865
50427
71451
7523
163979
161810
142710
50230
197847
175031
86608
112140
77110
180713
27023
66445
55788
23864
108553
93463
95462
104066
145225
93199
93744
76006
86134
53302
55773
85016
164774
53946
165712
140645
132667
108174
84887
117166
92906
106286
131573
87217
144094
95969
14053
194841
84692
31201
78227
24881
101600
43040
116618
92381
136595
133117
4249
37469
7865
130466
20179
117998
80968
112762
154522
20582
192499
177595
14906
115426
108756
107013
33114
48287
142907
78407
152908
197954
196461
88131
182594
48579
164401
105477
117500
17253
38362
102776
154296
184896
123259
159939
38828
118494
110669
143671
87112
167199
196342
190645
20537
82004
67752
197645
1883
132913
171157
120774
188587
96868
87294
112768
140715
182235
2872
75560
183599
138955
170140
39032
130753
35698
166750
138479
169258
45928
18096
37703
4772
19618
33889
77873
117057
27945
75168
103032
149286
193819
139909
14178
10067
28992
81288
162704
153113
15468
129719
120452
184592
142646
81762
44749
67578
3527
131268
5247
50754
103888
162518
143061
172518
38102
193532
172786
145121
65134
60112
180649
79450
194196
147497
94777
37395
181941
140820
168996
39455
126828
98224
7706
25796
21406
130349
31504
184674
94103
132883
187425
61701
135350
77698
116209
138548
165181
97835
80167
14020
105259
4379
139558
167919
197870
69711
127241
54843
105420
118760
41584
74943
135744
192804
71366
192064
175169
46513
67929
95195
137529
9318
92571
56867
157796
44774
117638
83307
193033
25241
17355
126557
196272
90444
68553
157811
186478
93411
159499
51339
150175
70704
144102
87013
164041
103679
23120
130806
12075
68398
118085
4207
161810
167115
119137
47891
110057
88264
166026
195022
85884
175828
170448
52499
79276
11545
182036
109695
96122
165669
45495
188045
121414
124586
73736
39236
118137
70473
133850
17906
29640
103985
65759
67799
119574
194631
16225
117538
30471
82958
46128
21626
178619
39777
73964
165134
67675
141307
144030
82242
81396
96322
178680
71531
125109
112368
149747
180976
61478
105981
91979
139532
192999
20023
160558
181762
116646
91159
102104
120846
183678
36516
8585
20956
10890
95747
107478
113657
199077
100547
67714
62406
47764
46149
152613
41882
77518
197398
6324
163324
34242
891
56426
183924
169363
50635
92926
113060
28931
176184
94098
5593
60898
80549
73488
155679
159650
165446
183350
93466
94343
164101
158016
182340
162876
95927
181089
143109
121666
68331
85297
97252
167535
165393
164001
98113
58544
106138
177242
147211
11343
119287
161597
107150
121337
27741
168396
182714
103395
185019
45601
155575
84701
13072
144761
153443
115456
103289
79934
188329
165495
196186
127987
74105
166666
167936
184544
110396
23566
176209
64004
128541
144893
129007
23282
110900
138732
12831
34545
14444
159420
9684
142561
129089
196737
103312
25839
186946
156029
125155
5278
193055
130788
84486
193733
24523
129127
19869
20518
139488
110949
180092
53563
10411
29733
25415
44962
59162
12641
145929
54746
85710
199448
123539
167061
65484
168414
6160
50750
15430
147821
142957
155984
111485
85048
147637
192524
137019
114633
90565
60862
372
117510
42294
87084
149636
26721
168044
40434
64194
114972
84028
184193
73130
181924
134057
90616
73789
162744
178624
6280
189565
149660
94574
7647
104020
131486
5061
97877
125779
86008
87251
143363
63299
191085
124751
76183
69545
69923
79453
32127
20232
120615
43791
163855
110225
75163
115746
28180
119412
73571
18192
183576
149712
130290
168009
186841
192730
146683
10817
130552
88114
21763
43209
40143
100318
27732
131138
183792
11374
110389
180942
58831
141450
170990
8470
42456
170978
146574
104567
145135
165392
133272
180785
133857
114283
15296
91955
153989
197932
86529
144265
35997
197549
129385
171449
27577
183020
187583
7900
75603
55130
8152
190824
5317
140072
193498
29085
18926
154407
115260
142054
6970
40242
144946
90612
167944
192252
37460
30871
15730
114821
154509
148725
49853
150536
67473
27005
38315
50271
123545
133548
112759
25768
139630
116906
68472
83402
20382
142515
5672
55627
99489
28849
20531
108725
72975
8739
85306
192243
168735
129980
128314
44276
38427
90706
4395
77421
94964
67400
78770
55372
121421
32936
173240
117551
33019
112007
126015
147661
22463
99768
47538
110298
150312
124945
93706
47213
53892
63205
149833
76678
54696
196907
67433
116678
153143
139635
179641
190598
161606
191691
155774
82233
141898
58395
184709
17876
35612
33813
16280
137902
128927
131250
168139
146140
37871
151443
74639
96603
64034
27446
122864
15632
106602
83703
121062
169549
54135
175549
197339
36475
131685
59928
24607
199988
102236
45067
100065
134207
185463
115335
136021
187087
18921
148189
16028
86518
169974
60110
34964
54007
18310
169685
121806
26765
137115
109362
138567
53779
150663
1514
26313
111066
38516
17734
107733
108656
4475
74719
48102
148977
171414
102427
8611
49172
6203
8112
85283
175978
112517
43085
147201
8517
163342
42239
53027
94172
99006
141449
95889
157908
163372
6189
54141
145723
93377
152028
47327
169335
41217
61650
152080
117020
192779
66745
125413
120538
16430
145021
11881
9820
2431
80988
73123
131292
82083
180615
71145
90715
186756
60969
131460
198460
57595
76875
98922
61969
148005
17698
75220
118891
5145
181141
44345
28325
150132
81897
79199
10371
114380
48438
119463
38275
177935
1352
158215
147501
83217
115683
85821
41342
165623
72221
85750
5181
91602
194764
1981
94319
32312
152000
8404
164435
187146
44951
20244
94763
151917
130611
56584
77872
142529
38455
19336
110793
22489
192751
188421
118537
169879
6929
177020
59441
184034
94774
148630
192342
180244
53099
69792
29988
185974
180905
96125
86341
143910
22422
72743
101350
159109
137939
101487
62837
54544
118578
178606
9523
40900
193550
7616
49927
145495
67729
5906
39112
132676
171074
146959
69255
31482
22870
2313
32710
106397
69962
93425
85275
148541
107467
112607
106391
153573
76922
2155
144425
188211
35035
196184
127214
39359
120500
45765
32481
35952
196237
7259
177619
59842
77911
81612
155472
81103
115536
62339
167293
111728
136105
157310
31124
179720
13385
18488
47423
153322
180929
142613
148839
7964
139689
187455
121814
131908
180926
121925
77701
56043
20258
43616
102320
47862
180435
73785
54652
155291
76745
51471
44177
122919
54149
58759
181799
47229
37753
63602
115578
59528
145712
43665
10409
153031
135774
21552
31331
2223
119784
51328
157112
48215
25616
77135
179104
182313
133395
54408
156498
135747
72381
100721
2898
134130
121554
81272
100685
161126
189872
151657
70943
182389
108247
45932
18068
122309
189189
3747
139512
84043
126609
