1000
134752
121559
59589
172935
188113
13444
167076
192800
113805
100732
99643
45888
55404
16273
101077
180325
197078
139369
172713
87994
141106
120540
353
74891
170356
150585
165277
30190
70333
51802
155791
107333
22300
107345
49264
143930
129975
139320
175308
144836
62558
193624
79776
35650
198581
144969
131671
22996
124341
147812
83075
27598
134048
85266
61301
148094
106489
138811
108211
30244
3635
29170
188471
37752
137243
3752
762
28448
7070
170245
133859
45198
194875
76968
155513
82485
57826
9619
27926
61394
39653
177741
65503
160128
136108
172809
17881
65134
58133
26476
196752
95578
64030
103690
144162
112379
1929
121224
7667
90351
18359
15216
34179
74610
138568
43169
77937
122993
169746
38239
4351
56400
65581
181426
57533
122012
18904
171703
186604
38354
100737
151138
129380
52912
71222
93185
182023
112878
35392
69115
49578
156914
117118
196623
55360
114383
11961
119404
17882
67685
197157
8892
118873
88624
93858
100793
125994
102857
123158
156184
57537
75218
156805
60655
67560
87701
74016
97649
2015
145208
54604
62526
161773
39287
92906
56169
105112
33402
127233
59543
49176
35257
46318
118406
114212
132174
3227
183289
148391
39271
149056
30668
74104
124779
66930
87884
172438
128883
115766
13838
180965
45465
40392
58949
26644
15956
53280
93770
162122
167374
55152
81609
27653
37568
104066
43033
128280
188929
158952
62633
61195
153462
160249
192079
24368
185173
16600
176292
162525
157294
188511
20707
148386
50797
129016
141814
188770
97358
102234
120091
119147
56045
188645
136768
41067
823
193820
140476
59093
47158
38517
50741
24749
103803
178033
97012
65273
46131
194692
76309
123322
24153
22952
91450
85587
4695
115993
168061
38916
40220
137166
179716
165408
92692
174491
4143
84491
82347
29987
165397
32377
176253
154427
85967
146519
66187
156742
8277
31311
130974
135544
182272
106300
11295
190993
165746
199926
25772
140308
38733
172642
5887
88148
40401
197152
40983
177651
160982
26021
80502
175120
19953
12612
31624
6679
17689
149276
84763
24632
74377
71637
175695
124254
45221
178035
68052
153613
192381
136261
61236
147849
146394
16052
64839
98809
101240
136414
130842
105220
80837
15618
94857
178325
136533
16942
87520
193802
13005
111554
161391
56802
94683
19936
61419
18810
137784
45016
186935
20960
20465
84981
78479
62307
97717
121806
34668
199213
113563
123509
89118
144702
61112
20205
75562
98029
171206
36879
90660
88016
169264
26898
186050
147982
199485
112760
101515
72516
168865
142185
41913
8949
169670
51412
93429
152071
836
134857
143529
150779
183332
18676
135027
17375
185892
13230
119478
10138
185393
93655
5751
180757
103397
122203
123038
164241
126172
49280
81807
26779
89245
143344
191843
7132
144014
45292
36430
63804
26721
76624
68949
187182
44665
122370
197727
118061
99146
17781
16991
111439
6736
139163
94529
144967
108901
91015
181408
75933
166564
116948
73147
53919
103956
196975
177339
78026
16515
21352
148621
22414
137581
188637
41522
118403
18923
140688
37061
25645
87318
166309
113834
76522
110475
37495
141636
129213
97191
13534
30116
171395
138496
108072
144731
81516
53241
128616
175982
97765
5282
63503
132217
107511
22546
143370
61930
154897
42009
88332
14245
199088
143454
22490
133096
192594
53377
107781
111736
150780
141400
82319
94853
74757
179772
93583
37210
35564
106957
9128
112062
165957
67989
17142
79940
15873
125025
66147
88357
117802
86979
196521
188693
159526
21993
10978
121573
103176
69017
102682
158444
105383
5674
96228
69115
22881
18872
17925
31910
154741
106655
17739
37161
164503
20931
64314
68399
146323
100297
124959
46550
109220
44878
64549
175173
63055
185774
164040
105425
104077
121686
191084
6585
121013
64085
24783
193029
148043
109722
118566
80113
37929
7530
169717
50913
192826
7319
188787
148868
170020
32418
103996
27081
40042
33475
122369
108041
6086
886
172060
75870
145322
177702
18588
105438
103985
86672
61772
103499
170666
21664
69372
92864
146062
122410
105466
61722
24589
99246
192780
172478
193996
10203
106563
130769
30311
199227
51892
116034
86353
44069
82602
145009
183062
114330
198342
45637
49942
32232
51631
27765
97176
194433
73648
33536
58366
22628
168450
4153
120584
34921
148370
76653
89523
188095
57351
72538
121068
164084
177391
80
38511
34684
193553
175006
41649
105369
66714
71713
122018
81381
54227
82840
102113
10891
99578
54148
148733
17252
142007
60524
152582
40994
85568
70774
187089
35729
2877
113830
39527
128211
66827
14480
5304
555
4407
5637
163531
15949
42085
182335
152198
39721
172416
85240
104371
36945
176156
88877
79807
107450
105924
63001
111980
145682
71430
57230
8955
44777
158314
95043
156982
103125
23153
99411
92714
44376
136623
6243
105508
137561
92718
33804
133492
41275
114823
7783
70777
91656
2005
118613
104050
189787
117116
52812
120033
36836
167404
143444
190830
91178
106016
3606
130725
142232
196985
57352
94799
15144
76834
67036
179347
933
52033
181417
94392
158799
50466
176181
31177
197482
123670
33841
60430
9719
23395
140304
88646
93671
112185
164903
156220
164286
141074
36198
192394
101434
176382
7294
187122
5368
4887
161390
71761
15304
130308
186724
173553
103341
189472
181058
155626
183675
183365
186674
64539
60656
105854
21063
144578
48164
60751
83484
47740
12286
47055
77063
161540
11800
117569
164822
55530
90282
118754
180021
42489
172023
42726
70556
187537
6673
7797
198685
82829
111147
30045
5360
12360
199454
130158
85629
83628
75007
20421
53676
103035
126322
42615
60168
11922
104414
129204
124907
136902
133964
34546
157478
115454
145368
72396
138260
18795
59103
21804
78138
38437
198802
56074
136034
193226
38215
98959
155188
110667
131056
132079
90177
14374
53504
105334
130790
89484
80558
35102
119160
163192
61350
45328
34039
63401
74912
104562
150106
179159
33510
94449
111827
19262
63021
176336
101673
116219
120715
145644
6215
91782
74333
42658
33627
109102
111979
59105
70210
10075
130174
65820
54059
91471
85418
34632
86760
186755
148468
49540
264
187028
47723
193681
8773
59689
94563
105175
157213
54842
70318
157484
182705
31415
166870
132276
30371
33439
84520
182450
48414
162646
96242
186186
18862
175879
84725
105079
108092
51377
109675
23530
151824
170474
78641
25191
105440
31092
45343
113399
79886
153711
56780
49162
84749
105463
95436
177949
82144
62148
195939
77643
127470
153073
29156
46190
134619
53907
165226
35836
93704
26793
166086
187330
6079
49830
183458
113423
19292
106587
24810
32210
24525
87767
88047
123258
41627
112711
26815
121853
48915
176425
147955
132784
141432
116439
636
84264
78458
