10000
12126
142633
135252
36281
199213
4808
110805
18871
76897
114449
149987
138584
76311
188255
41164
75028
42147
70034
47257
168138
185791
116141
153161
60974
27648
78670
18132
82544
174574
87088
110325
144689
113082
182956
97467
171709
114243
53327
80244
176782
67860
122512
29821
131456
4822
78609
43399
68642
123931
61069
17234
11327
115008
111296
102238
18733
74639
128478
167255
197962
47199
182447
67156
154837
20396
20344
168384
80676
181274
44780
68017
162499
62231
158302
85478
106713
140830
157426
98445
121462
68207
115353
60407
125549
147145
167929
172809
84481
114585
10511
60008
79159
188758
14276
108884
127630
194978
524
127118
159617
130098
78620
9711
155417
80251
34330
38305
49072
161626
188388
46586
110000
101343
20590
45867
118402
161067
28906
86727
175110
108265
161244
116917
67350
77087
108397
2549
153085
171326
86798
192286
115254
174715
91789
48607
195109
21945
193717
167377
78560
179492
105332
61938
191706
101874
128184
33422
100853
44008
92413
124699
192837
180515
51895
164675
177323
71587
19383
92358
119011
56255
151760
118743
166340
182877
42665
55568
73825
185251
24995
68854
33727
54109
149025
10603
99228
79560
113637
194044
113415
187918
125982
106940
59022
102299
42195
2936
21357
72800
75982
150966
120034
5125
34608
22621
53650
26058
115759
112515
70104
100626
141378
169304
107654
31536
75021
148231
108178
165945
78066
176003
178716
21694
141644
76035
54671
63558
15255
75944
46920
34792
49856
193192
24083
29609
155510
153734
36248
185703
129539
154722
194196
101419
60498
84578
28188
181761
185833
72621
17145
18896
109629
51535
45169
92787
9718
60532
13634
64412
154513
60534
180911
152818
56668
35698
158393
87040
150295
43347
142727
76911
41855
29919
64289
45387
63677
15539
145048
146346
56852
131747
146397
119743
160276
106885
113233
74510
25328
20141
137553
100059
159164
73506
84765
110127
1523
167365
196100
127684
22388
31472
70414
128282
157043
125338
108672
37819
43346
179610
77248
24071
188303
13472
90928
196797
95951
67040
73606
155658
5228
14725
85891
141461
78116
85061
6804
129740
148892
15187
60006
154833
20873
88810
157802
197749
26471
98019
57546
115408
155124
26485
147797
120539
25173
144319
78749
122550
165742
180018
3355
190454
194716
162473
198163
55582
11996
70890
196635
16933
105318
53050
16362
197395
173766
96158
139194
5768
83692
24771
50548
41488
63094
6296
171941
80515
186041
48863
134933
12302
54170
12847
188105
177985
54501
116222
194817
195786
11127
171021
5023
117840
66239
43293
192178
51004
152031
88381
109171
83827
19826
131756
152007
109966
140386
44998
47723
183791
117183
32708
132861
44887
108304
56228
105348
196896
153324
171135
98803
3103
38340
81755
46014
14195
160441
195070
180770
28163
170000
16974
27533
57100
3640
168857
167639
111905
7517
7708
190485
105293
68208
188287
102733
153686
50637
185435
30159
128528
142832
162732
149299
75732
88687
84731
157550
20313
124122
155482
142692
39569
111080
29964
158288
87062
81093
169413
34535
105978
179621
188706
159304
31608
149133
13869
182480
50764
76884
183265
54002
45359
187823
148536
47819
15505
140758
134643
61291
175714
174681
36753
139120
62510
132522
52736
77567
17627
20269
197770
195113
180922
196104
154170
110336
195048
33261
190957
111502
6786
74407
24823
142518
183057
179848
138802
1775
79682
167193
147558
170661
109735
145226
116990
168368
153516
198332
5896
134615
83645
39087
164934
64045
96757
97730
1999
166832
19791
43649
156723
37865
27554
73864
156459
190052
149700
84229
49523
4551
64811
32847
63396
50886
82612
167526
147772
28906
60161
149201
167486
47806
78925
13634
19184
97003
37327
57428
72466
110969
153600
36637
129061
190916
170392
24496
25453
128973
190774
194995
181808
1447
176186
186242
5893
35654
175755
144154
68443
165608
121285
176262
158798
140921
50118
12777
57642
78519
193345
5443
94576
73533
8423
376
83551
186703
102108
126800
79473
83187
56793
147556
75555
144235
56738
197280
147732
179573
140646
179354
38858
98737
188162
184787
127980
61341
72885
29526
48472
47403
5541
183325
168402
88470
69012
69086
3337
176568
133238
142548
55811
137584
153584
36071
118209
3389
26583
137701
192947
38710
150356
114202
168347
186428
67435
173326
111714
136516
159197
191378
8058
166194
166156
182117
56107
416
133870
165326
179349
61105
104379
10605
43042
184675
134244
126116
87804
226
157410
4633
16281
135194
23404
62083
184840
144923
96510
49255
38436
189628
13351
184510
9419
102314
46076
169042
184387
43999
91531
112254
150913
130552
126738
113882
75353
199014
119688
64618
59883
126672
62837
25792
97204
138880
48398
50473
2232
33546
122892
174733
67915
124902
80093
152172
177983
151246
40928
91002
19712
89401
11814
676
197056
162959
160960
64834
10555
71081
58053
64387
130761
145392
141432
195871
189274
146362
116998
15464
94207
41843
175200
82503
66823
61033
65389
28491
42758
75756
65692
174640
117249
110806
45187
136073
52619
180416
175688
127907
111142
95011
13685
97103
38133
41359
151664
105701
110119
73215
100753
177636
57613
138599
70756
153634
107968
77784
199144
113511
111385
182026
130944
99912
30418
61266
20962
137419
124559
153924
150120
135434
13929
51745
65554
177082
43265
86666
53691
89274
69548
127621
167531
156495
173242
105343
150871
19470
76657
33266
90806
44682
156682
84199
91716
165620
61233
51821
148892
42121
34640
92423
115880
57178
129140
67346
41143
119393
27277
130521
109444
190022
127463
41572
91356
106001
90971
44526
150050
114727
187172
109956
67412
68659
159360
71449
96697
125268
170958
173197
144782
129683
141573
143481
182336
85118
124315
79303
127816
37060
50570
72477
57759
161171
65584
117850
52251
53402
533
70614
97309
149681
166375
107110
79423
162174
60905
157836
116675
76264
197627
46094
4569
197918
59956
102089
117576
137378
179436
73552
122133
64878
114484
9249
136349
148727
171338
52476
185919
8095
154113
7668
20847
93786
168169
188710
61735
60484
190467
128243
120634
193507
179570
163913
79791
76911
66359
184063
6002
146808
77369
64240
188037
195665
185534
12975
21487
106278
165751
32873
136259
49614
126484
174292
70535
159161
3589
62771
129548
52718
192463
183343
13785
37450
117593
180799
133507
107870
54821
190005
126449
147913
60236
94288
128324
33333
170753
23037
165566
51741
52685
6670
137604
102260
130677
126541
159327
97863
102271
177270
192847
195376
131228
85337
162548
77693
168833
83245
123910
91961
141818
78880
90496
32333
160082
33428
117286
32222
171621
68968
34104
1806
27835
44137
178919
11777
194983
159256
58579
193796
91887
164435
38753
76434
69044
181193
69481
94497
177775
132304
66215
60028
124952
16649
149084
137305
47420
195801
51323
19352
181647
197749
74523
132727
188465
101390
5464
109425
193120
136701
184910
188959
170998
102340
50920
45908
44384
164629
35329
83605
143462
78294
177025
199470
96407
63102
157123
49460
118192
92257
49692
123583
75416
193675
164840
15571
17097
124352
85795
41078
91605
188520
35167
157285
154618
74312
161471
38337
143334
79990
62040
124522
94475
81141
197117
158448
130458
140567
80595
34296
71160
102076
76363
70009
126280
62967
77462
149982
107112
182299
158978
155720
115513
59569
10073
169924
124422
177065
157893
2499
152554
106354
163213
161758
91052
170298
8564
45054
99426
124821
74605
190569
140706
2431
47004
135127
97027
109749
181290
131146
176053
113018
69722
117104
11941
76634
18618
134089
62845
80040
175772
55863
45109
41990
190831
80552
51752
168810
190212
79439
11784
58200
64627
78257
3224
162741
62859
170743
118440
128986
153961
41086
86970
63618
122132
29348
138660
145258
176538
78716
128928
54147
15956
165752
127571
56761
11975
133992
166040
20910
135495
101586
114915
173008
33287
70823
176029
169699
137721
189181
92559
53013
197886
123930
118603
87276
19618
96302
40718
16451
4379
64599
65641
155956
166842
76100
187856
141399
103883
146375
148354
72997
103165
150244
126675
62466
146779
78612
150603
184096
170102
51431
46446
190020
28021
120759
149910
146168
16601
119919
130728
8082
21554
63092
35758
155630
189733
139819
112246
120396
36875
110596
8724
161344
12742
23570
65344
16407
53562
160279
128967
114012
86805
41993
17263
144354
8396
159250
9926
169952
45906
193293
19017
151028
27635
82516
79946
27603
130539
6636
148249
180751
12203
33500
101877
56040
146609
74875
15533
135333
175292
43123
49921
75113
129554
91526
174524
124622
158618
93642
146344
105554
109747
92970
61634
43056
156102
116161
12811
139022
95515
86178
82214
135955
139699
19181
108909
52388
989
180144
166784
40412
30609
99261
26776
40922
162888
181107
109298
42308
187255
82626
81142
187235
124150
1576
186999
13410
91464
118511
138636
113006
84083
9182
75203
142213
103255
117560
59669
56414
39918
35884
73358
124755
167637
93306
96013
85061
179100
5772
70264
52020
181541
174286
113586
123523
45571
7348
34952
75296
183094
68267
61053
52781
19800
84977
56714
6135
144702
67624
26043
132289
192675
157786
117405
18858
148231
27998
119008
64013
156608
147704
27650
141223
173572
169812
18629
42810
95849
63492
117078
68498
108117
168872
72801
115652
35550
80217
88072
50400
173283
66901
110933
108393
150221
163953
187445
36259
162903
24135
181165
197319
97560
78883
49694
40389
174830
108547
38989
185822
156894
62009
69243
57432
20275
107480
106429
124042
192791
135830
25542
44410
57979
76641
139499
14667
190989
92155
8836
88121
6582
150522
158916
159790
171122
154256
53443
90434
109093
35779
95302
36758
120346
41771
52343
178466
156559
100178
34843
54940
186509
111808
90152
78096
9206
139078
79020
80155
25321
109222
166234
8590
143237
159932
76693
93657
78418
54880
91366
120256
26529
189251
141063
149608
186887
184075
62843
41741
106659
169461
55185
133384
10121
3259
116437
143157
89163
52312
154777
36476
51037
141246
29383
87709
63512
123974
167436
156700
194525
93046
69421
45344
117587
126545
77524
118507
31972
21724
187094
116164
74084
31030
66688
110585
170894
147596
138137
141148
46629
195748
54151
110250
24444
161373
171696
179571
126460
131724
172422
144779
506
182915
102835
153503
40438
123559
31091
24075
27585
107474
199842
117332
62091
49966
22522
28316
45391
126824
139814
146803
58152
53876
147240
46330
113528
163395
88621
23780
165306
82620
72646
38911
174394
1873
36639
132907
196008
149171
32703
10538
146784
108221
154616
53393
81199
191335
110783
157053
196366
4972
103471
79042
59605
5197
199665
30269
46868
36859
42548
106828
34870
150799
172381
187755
39327
151163
82286
92642
184406
123444
22578
11843
74150
148417
58408
17932
192178
53686
50235
82861
181084
39457
24507
129262
72774
152454
164509
25854
134178
41136
107088
134471
120965
12080
20379
132763
34207
57479
119032
87830
123844
115643
168916
144911
104667
79858
83907
77419
76470
81578
182904
182416
186265
56497
171360
118090
171345
53652
188881
148393
116782
108601
126357
194817
53024
178046
135301
40134
94572
111051
59823
40024
111864
73769
27495
88988
153920
27225
44350
157178
37948
11762
194098
184986
126215
191940
170550
37933
199151
183180
158518
123572
168841
49177
88896
133380
173358
171149
57257
81675
41419
185913
144926
168726
60082
143252
61936
15997
151096
56380
33849
99690
93415
152318
101705
22989
42327
80790
141721
186427
160536
143686
161561
23620
103823
8944
18025
91660
6991
143206
83479
123988
142389
135092
95736
73143
182122
157991
108534
30538
119367
136899
161806
17946
7189
75488
7866
61386
150232
22912
11522
138222
129836
190857
46980
28084
3574
26389
7484
182450
163782
6251
151260
25432
55877
98699
117019
59464
113409
117913
130928
143820
173656
31841
150402
57975
52332
118766
194691
116501
54675
36536
8542
145480
188706
147855
199867
141177
12331
197249
71346
38681
171349
21633
163453
154863
94386
181300
100364
187633
82889
75876
69986
34836
45791
64552
161721
119937
179231
164773
52085
135759
199847
97731
183208
161768
125443
190171
137030
187861
154503
166567
140338
48620
146964
22417
6208
8899
193154
5340
16839
117294
156664
11104
36650
173231
126633
12447
47419
197886
41077
158402
31311
161051
165021
116981
69480
41735
77054
108906
138137
138317
142562
89016
42617
20914
177154
110521
159915
104931
17293
82475
9804
80323
124600
22595
49478
112767
179030
88008
168780
154172
185645
132464
79627
161738
125987
61261
100066
22803
122158
102571
121920
556
33798
56997
75840
151273
1317
91486
6865
542
125476
100481
135534
22070
197655
70675
128577
174337
172723
11256
123669
38853
127932
106656
142041
144398
71891
186911
77904
104730
55216
133929
142643
16647
84888
105933
105129
105842
160302
10948
156525
135512
139121
184868
190771
108211
93940
195110
101168
174015
187420
17643
126881
184040
183830
67044
184565
9364
81125
91486
1614
75094
12733
146316
43882
57288
145871
15807
14254
59780
84238
44841
112386
4798
44829
53682
181499
115544
43364
89401
75007
154424
179448
63019
82677
178765
66834
129255
123092
150563
74852
190491
25438
95242
110903
179562
151725
189151
40741
186525
155702
82086
19874
7240
38288
20088
195041
103064
193526
130061
196644
115819
9189
48044
56509
58141
33934
18294
131107
146774
154120
83580
20954
199877
132778
18969
167431
184956
8799
172864
94393
133743
36803
131789
167292
72683
55685
169597
80025
168527
188095
43767
175667
160289
5841
172685
9728
136004
22528
141878
77082
75109
107561
198574
19538
31899
101128
88133
48474
28905
59002
87275
153039
8456
89728
61185
99127
190177
19023
107618
122937
29691
108718
65878
10641
124649
198287
85390
93883
93501
487
130802
52605
185786
112115
184916
136142
115178
158530
155408
41818
72346
155398
70838
29572
98540
197729
43739
1454
178703
137058
93417
180700
181664
35899
48001
26777
163694
181807
21597
76686
53148
150055
81544
9600
76270
36968
199458
187408
75260
74520
85947
29937
70915
25349
105340
16767
165981
188003
141311
13771
188645
118055
166739
76937
99537
188549
101293
131160
38433
192580
166776
178824
23668
75818
31256
118781
54473
173382
93100
62970
117789
102611
188733
105541
132459
117753
70112
141074
168592
169831
72971
7000
148464
17232
198525
143894
144233
107411
157436
28438
33919
131226
154065
101884
81310
173021
153964
49593
52739
163735
188478
99110
142617
149873
163534
5485
119474
1253
89742
13965
191112
119191
185562
98250
60951
151494
118919
20613
46911
88465
35637
59709
95264
142336
26940
147330
102591
186908
79465
187865
9241
90818
189165
150727
153632
17640
84033
145655
130771
50315
72089
174017
136552
121139
64141
31169
126085
149697
104943
81707
78964
23657
155728
179091
170057
120066
33425
182764
175588
144624
153261
24381
137891
77478
128796
59232
192088
109846
27734
180608
194009
143761
3051
185277
191860
143577
158412
7417
129270
164314
171804
188216
23692
3828
65430
124907
35206
137760
91062
31061
118782
20389
105673
8316
110377
10799
15491
128639
113451
85752
25404
103289
13652
92813
79630
169859
198966
41547
8845
179668
157435
189500
15244
192399
84542
172378
6721
51535
175441
11294
175975
29833
2796
132349
199343
174640
111363
153379
38918
34533
71105
7474
42561
4560
4538
58132
130230
4850
52926
12160
2454
187365
190223
104799
158311
101210
104856
111532
43118
151122
116182
69536
123835
179063
39789
932
12513
90093
198342
56726
16002
32264
139628
107981
134408
96096
10544
172000
35454
82468
10154
131222
4826
110490
18340
65262
131966
64433
142123
186397
134526
42269
155154
94052
87501
156585
164762
110979
6275
89583
134820
3576
177304
159791
86735
193076
171694
175960
149795
192382
128688
39444
167059
159661
59161
62956
52725
66322
160245
40857
24876
143971
84260
57975
76512
189599
130757
15766
42598
131847
40560
1336
73067
46511
135053
41611
32288
63501
118133
8081
48734
25849
25328
135145
129426
180760
182973
192762
176309
103134
17183
17666
180027
142962
80977
50740
12533
170495
42043
143516
136916
161162
143624
62756
53529
171051
180196
155125
82069
122250
23580
12355
162090
1107
52887
18706
101548
10793
163438
154368
21003
152922
187444
106167
32089
98536
177885
138588
139168
92609
10569
27383
128026
63602
125622
151109
179207
172685
175920
131387
156828
44753
178125
48984
102325
84596
74978
123757
90127
126252
190883
5516
189783
181230
40897
32126
179511
153691
197350
54505
41865
16181
43309
169293
75027
57058
125705
126482
156960
171790
58412
60225
176681
111220
178758
119912
3063
138490
41864
155780
77389
63451
32642
61791
47789
129811
27329
33793
21931
15009
108660
142927
93520
110786
125173
33322
23746
161505
166884
11904
155336
155157
114188
92734
39969
99433
22949
36742
162719
10599
12318
134470
157259
188154
19598
127217
67688
31051
171318
91811
159513
192470
38992
109414
112236
173130
33291
76074
150293
48922
122478
121513
67021
112168
113687
63585
126275
23534
166249
111087
114576
168996
158650
172847
133882
141088
170227
78452
117335
183338
102395
74982
158049
12557
80608
59503
37024
71319
63636
179033
91812
152070
106936
57592
176668
153688
136692
46448
4765
56872
156087
151287
169722
166040
132177
108663
7745
44643
2965
42793
93096
145916
193340
96978
158936
77499
46060
144499
25822
177271
111393
180083
4742
3867
20494
52063
140148
173539
172327
75580
98796
17764
100519
35397
89406
66901
60129
121042
155250
173131
21903
29013
638
163667
56170
43833
167697
74725
183473
75930
112654
59394
8846
65541
129812
183243
107430
72178
181910
16411
186406
172831
105744
66233
143542
115486
28030
95428
102568
143564
10533
110071
162278
116005
186462
60044
139444
96360
23311
136837
191371
23361
40657
1261
176203
181100
138579
6108
171630
190035
25872
6579
27151
144550
2169
193901
68244
156920
149625
83776
102970
9865
44141
131973
140618
19272
125615
152653
96149
82959
169361
132960
184537
113734
28220
15660
168785
159165
164638
22313
58612
134246
157581
65385
34065
161863
164057
59632
175357
118740
191007
62224
159102
154013
191846
141753
58497
83960
189239
45696
52341
108225
57493
50492
30202
165977
6722
152333
15567
142847
164192
83714
158615
163231
132079
23601
106787
3411
192486
35484
153336
64421
149494
70737
142985
34920
135453
39078
17102
66168
138094
140472
150869
172195
55199
185768
198320
30289
5282
88911
160478
150820
154816
63191
33752
99882
98662
124274
130586
70325
22054
79058
29752
90823
3625
107
16194
77330
77250
54369
142405
7101
168803
105135
116520
187399
118220
133721
110966
159526
17898
185733
37526
103160
116983
33663
31182
3640
20468
66399
39527
63288
33050
59247
69834
77722
156770
150714
78244
122697
91990
20607
165368
101287
106771
52427
40910
83872
102174
64546
101209
191589
130246
128312
23854
191449
57813
169603
190777
41601
165309
175689
117839
146714
81196
195729
127037
81894
153975
40237
81403
198210
127193
183024
120375
191565
137003
121068
101180
53350
28068
11057
179756
126518
140453
76577
141715
28351
88047
83756
98868
67032
130499
174310
199753
12741
705
109587
49727
86113
118333
88197
93715
198613
79499
80279
161637
111593
177105
93048
22884
118652
158271
113873
7865
95510
8218
7954
20186
33083
10080
106443
66536
21462
60226
166275
36016
146485
87159
20439
103617
62595
177188
6572
86374
41466
33409
1733
176771
49353
64983
14493
2572
70419
108499
148781
38984
156133
153282
6353
4152
185473
75593
166751
26431
79366
91935
90958
48492
12573
17647
95770
69121
100717
168403
63802
160554
25480
175596
102846
88198
9878
21756
156275
142394
193011
102993
148084
92142
19623
190235
168334
148148
77872
17122
164635
14726
113666
153175
64393
85511
83393
80529
107538
148326
12709
45042
139024
142176
138781
87598
123686
95537
81737
143456
152407
117130
24069
52000
106713
47561
3590
131485
162387
119167
174081
184345
174970
91024
129656
28985
105220
10842
142549
18989
100019
60902
13377
71390
120847
162084
154351
102333
96350
111287
41605
49996
119769
5184
182582
66541
53938
68302
196384
173582
197844
43721
73665
107119
144276
84459
198441
195155
12609
156670
13235
73704
41398
197862
115640
153717
107162
127257
8316
64838
177051
140117
75445
82019
96165
137165
162050
108259
5056
185735
99694
68043
116039
127802
134661
141133
107596
129385
20737
43398
44389
31836
180801
89446
173443
32242
92966
179737
31627
114468
99922
165676
102883
100950
85047
26659
169190
58326
170410
2299
144217
22475
182614
191070
79255
198276
188459
77131
74361
114454
187839
87089
83148
2940
73940
194861
89426
119584
158797
157979
9196
91723
184399
27957
88930
15605
6527
33757
116872
152914
57668
144359
150793
16189
146097
171261
18015
144954
167662
74103
180198
11969
19214
174588
69277
193897
3941
20643
164272
184623
130399
181020
194907
146152
111738
83803
11794
35801
86750
115033
60168
151169
182440
150363
97790
36772
7923
100626
188960
185751
161671
168576
8023
5599
153271
199958
142252
137672
36229
73724
44159
119370
5346
120435
48313
97893
195151
169683
175771
185179
72200
37859
29826
149973
143177
190961
134973
151715
43953
187277
136276
5565
160509
95400
146051
180451
146897
67065
31299
143166
108660
51124
37680
42596
192607
40519
143754
196470
191535
109480
95731
43712
152512
190205
156493
199163
97781
110030
102248
93373
166087
119269
89477
67079
186170
20410
75640
181099
180435
78251
100452
55632
40172
71850
81961
26100
163548
37664
39149
104222
154020
60001
160152
189710
165187
25521
158862
55867
31602
60896
56805
79257
108732
130681
148675
185723
1933
136586
152014
185281
56159
1413
155678
63884
36175
106874
131549
103648
87905
146757
143560
81712
186215
30034
83448
4473
101223
80450
94876
114875
143076
103530
8648
186980
198073
186688
113227
82744
186531
51635
137422
169554
56346
135806
141297
5406
84827
124361
102394
10363
91138
91722
142618
47754
40328
52215
188321
142017
95306
170748
194546
176218
33547
151291
173712
34375
152122
160552
38557
171235
129695
198499
128519
145646
75326
157219
42308
43972
61479
79828
164528
127307
69354
69083
181058
198540
115295
155697
38675
68462
108958
153692
93173
190156
164332
149532
35068
110361
79676
61417
108654
169102
77069
63245
104031
26176
81339
171816
25796
115460
121329
160171
173341
47293
120697
144740
47093
127069
102850
41
190412
73834
63300
148232
2486
194677
65903
190544
132769
108065
66760
121124
85166
76508
140870
101220
50220
85980
105452
90615
16984
15210
187048
181383
18146
196763
177036
17235
80953
187081
98045
38572
87171
57422
3719
186775
142860
114721
58646
133357
71772
15971
48920
4129
56417
97565
142324
21008
84959
121958
46594
188479
151949
33503
114168
24
86005
34600
22501
75879
156512
181987
151416
167882
125516
20827
188415
133559
119999
32349
78844
22807
120593
137210
77259
173627
48731
35006
180200
40944
134444
157052
50416
10979
1725
70450
160522
35136
15219
113978
6896
121509
157399
132372
17249
101225
62017
170533
117708
105369
96994
119567
158743
16672
186656
93787
123261
107235
133681
8775
103184
139061
104563
115738
112056
124266
173478
107027
165806
23160
171364
34160
1070
62432
72160
134941
71522
65659
59883
729
182715
76724
52128
193188
112969
66112
128285
178745
119511
194322
147879
33653
1270
48786
24383
45843
153580
164429
22835
145079
82353
164679
139747
54554
31213
29590
51229
44718
122179
90485
174116
185972
130666
134683
35368
42621
112883
9343
12789
199029
179569
184128
40508
31181
129017
71362
43621
4045
38557
73489
197736
101986
135623
21702
159149
162450
40950
5846
123496
186593
79961
145895
181823
81067
99579
194795
167854
128997
22898
119914
16035
125309
168449
133131
192700
187461
82452
31809
2164
151671
154190
17157
82255
164280
36574
187927
71482
167317
41998
47574
98106
45136
143785
6416
4744
57310
123614
199569
197268
68887
91553
67857
48488
186825
168320
133818
141083
40335
172783
58785
82059
195348
171862
191569
12124
37236
25231
50946
131994
41625
114092
195647
56310
143781
67220
188715
86639
90357
62007
96305
66368
79111
151862
32342
185137
103306
81431
14200
54819
16658
46975
83883
5218
91753
108985
93718
41453
115374
7904
6003
160339
16180
116396
144898
144200
105506
14457
22839
149510
19545
183314
64276
48274
4897
109357
178312
50494
115447
168600
159135
70129
199110
116923
104124
170674
91126
49996
130816
1657
177605
100655
86717
72112
66286
77156
101821
59760
53954
115772
35502
7486
62479
20804
55059
28686
10623
30997
170961
17926
131550
90371
11336
125204
46832
17027
194466
67974
109962
97767
28082
30352
192026
106937
55458
102006
15142
46660
188071
162976
146046
119002
93740
125632
37760
46678
28261
119153
75189
23749
187253
181275
184277
122647
158964
183371
84728
76712
33578
146770
38303
130479
117910
81497
51734
192399
175251
64355
172880
79569
54715
3367
129051
173732
146618
45184
22425
178959
111405
103938
104254
143707
139753
52347
146548
92078
174551
177852
67322
45550
2239
159618
12644
99528
142274
33907
192814
178390
186282
44165
4419
195636
118645
129941
150594
199163
37397
13685
26728
172954
131697
184156
68331
75115
146404
35396
131025
99926
2645
105019
24467
37339
64043
187201
38805
145200
42514
22059
21409
60510
22303
60222
36032
152281
135138
50941
195754
71969
131052
149086
24847
30387
132165
171532
139704
56589
24363
188294
29715
139747
65270
135807
10216
47479
9719
31479
52648
143353
47028
155692
33513
104079
32085
102700
68515
78253
18283
68651
76350
89309
2143
42409
158865
181179
68468
149998
124385
59355
136746
14222
24120
115003
149104
168927
133287
39632
163973
166948
172400
188844
168993
194471
174912
91537
57500
72754
114345
161615
134149
93353
25183
162679
176653
67222
158092
10320
130700
141549
145179
47963
35376
93005
113414
52203
66565
86765
142399
50464
64130
132686
3367
82049
115279
190416
146665
97908
152115
176024
186789
45212
166605
116149
151165
156802
36789
49037
157280
191912
165438
161332
179356
132860
194041
131895
115094
48308
197390
87519
153942
197547
198388
56492
117480
142901
133642
150434
53406
38417
19077
85148
136496
154968
189295
31067
28360
59290
76238
103434
18695
22944
85337
167930
40517
100638
154876
115944
82458
69069
181535
14817
57967
119960
10663
62683
174532
9678
61255
144237
27876
6069
30427
170006
170578
198254
71580
93838
75749
92225
117147
141416
180102
90408
95525
26581
75452
131932
184698
6280
187409
100793
92114
79044
195580
136238
173401
167183
49249
94923
27623
3324
108182
183637
24759
49974
193421
120990
66456
34893
21620
153278
138589
29672
50450
118339
174770
96946
11325
133123
116959
181635
106183
62938
33630
30984
97141
12055
42164
183207
22582
158370
32559
184892
172459
156367
168762
180518
68926
113139
60263
93509
71846
68705
28937
165298
42823
4676
124786
127519
158118
197205
146661
17771
150744
60019
65386
169813
53730
190633
97849
199191
139108
139996
133679
38200
3446
114818
155445
1130
184923
175482
13081
71150
143676
121723
6639
137746
196826
127854
128520
1266
173765
89967
186669
21046
57050
27071
1516
29996
98155
158293
110313
18953
25014
77737
65546
32763
11118
177295
15212
20413
182399
99796
23194
12656
132981
195837
16875
95810
46213
31577
176967
135526
54706
86459
114675
50991
110338
103883
167756
47581
10338
15277
101733
38659
189268
2834
147916
46960
89252
41749
117111
97398
64041
125441
112973
54186
106267
63587
8611
151101
180874
76360
106813
114203
196275
174355
83981
156607
159100
189573
130876
167969
19653
178865
76628
96076
166442
43583
87163
56314
194911
89511
138020
96300
69392
180834
53973
103126
26018
96286
140303
157345
151057
45503
33889
32167
127496
139085
64270
96347
93585
3276
176290
57792
120315
160901
131715
44720
70587
105514
197500
40990
64593
131520
38735
15874
81643
89675
130576
160679
44248
139874
46581
119394
173869
68204
4918
32261
118231
34273
140099
18819
14839
76890
130903
152070
176369
149395
57092
121660
8951
53697
190165
71304
44014
186209
145320
170138
117836
29138
45
70954
146112
150768
83569
12816
123760
67861
140512
120265
73014
187482
117241
158866
141483
167649
100454
39063
103983
115242
123230
111155
28917
155017
152233
113390
8241
47903
134614
111295
60522
5914
4670
55575
46956
169058
163967
161784
23738
98193
195510
196956
123506
3059
36883
125519
177377
60476
127977
175749
185533
16703
28419
19106
95187
67832
98205
15805
25471
172129
197828
42657
164420
153655
144389
54564
24746
13243
168944
186694
195050
68519
179088
161813
30455
168978
74650
20504
196791
181597
51217
34732
178108
193573
64224
188377
34807
139089
52952
12274
1720
7434
61875
166354
105871
5696
22893
14179
145709
26830
145270
23930
108824
76881
187180
182860
192645
75667
76863
66858
43874
186795
14923
175675
106591
96317
171514
153645
147503
197454
36942
14445
12020
140048
140936
121728
40950
129302
186224
105433
54913
47066
168964
46797
188521
844
135163
188835
141888
188519
199804
179172
87456
192012
20650
86260
3209
118559
173929
73277
39518
141867
54893
133169
111241
30010
175133
165710
61463
154932
84630
153887
97761
140011
11032
189267
129638
168388
79312
167373
108357
77792
62179
67577
117513
59542
93780
189009
16848
119443
79188
21216
144885
71758
77343
137087
6458
75265
103579
69771
117638
102819
160348
64641
34412
87391
176659
46538
107862
76802
115090
20718
126678
23562
184490
134660
42960
193045
188242
80915
17174
82706
64577
63836
135690
121483
73264
156663
54231
25538
95323
80517
77616
183944
139011
138939
144312
30758
141032
18297
98622
44507
22837
66824
125236
159371
136710
159878
68994
26996
50405
146851
95483
167203
137793
60168
157400
77859
36450
17520
33118
165496
100050
74598
20485
11481
78812
130795
197251
98004
179330
80322
14418
66038
123796
198661
156362
152666
33943
83332
81851
50827
76535
173591
58035
113688
50923
122219
61165
6058
96595
187642
117426
181766
75982
51962
149487
74730
136594
190777
144197
51295
76686
92805
22947
87412
189534
155998
180744
64282
98646
131289
23782
49968
122157
52563
40784
49603
141384
19447
162999
4390
106671
173080
172129
97736
107933
81070
184975
18966
78839
147684
101126
65910
118448
160769
150804
144670
17688
124077
175511
2896
187094
42766
9482
74503
163998
110481
22055
2485
107916
81239
162495
58008
192146
184223
77684
113582
105010
107086
74232
26566
188437
32032
23327
175106
74181
104299
59150
84046
6365
167115
64140
71373
185630
11057
14117
162717
27716
14111
140574
148175
167203
1035
2357
143963
65721
130855
37560
110537
126742
137798
79323
155280
56977
183508
62758
12422
167166
126926
120118
49083
189539
12266
100858
117763
30121
101770
104061
70055
145945
166541
21066
11156
116696
92059
194902
159510
20843
61179
73421
51802
123718
145370
112107
196118
79420
145469
127429
92758
171676
15401
159534
179601
4447
102070
157289
52062
16361
41924
59345
192958
66910
49224
181261
108244
36174
3126
59204
14366
147277
149025
126006
113522
7170
147071
84662
112615
126227
144730
160766
30591
156225
77479
76698
62972
109109
173646
181710
5783
129469
153237
175634
83402
162114
71119
179250
87115
52871
40191
165269
172877
90106
114816
89931
21053
186587
8777
32008
86875
135972
84249
112891
50992
80396
154148
64259
187241
74977
64872
36907
161789
41285
92723
94854
102810
188244
139410
73785
97240
127542
199772
103180
151047
145137
22986
162439
66486
82043
43809
184523
196253
78147
44185
9501
67685
67446
185498
88772
21212
135221
197533
128485
47426
94270
96983
50504
112604
60201
32424
163207
12589
156359
121061
180598
142405
184581
113595
93009
195720
68439
60831
185775
156630
160151
10496
107743
154330
84269
48217
139242
61399
150388
67190
76452
52075
109627
24930
63722
175583
187996
130853
106862
172932
38783
59524
180196
107104
72159
3835
66471
117240
42784
78854
194119
199355
58564
78169
175890
11646
150962
51196
97343
57478
98219
63376
81565
140596
25655
46109
180772
175942
198258
36598
32057
115562
97001
56390
92924
1880
72756
102439
90645
141841
189605
83420
77746
184771
111865
114
119115
170736
83556
43773
81567
132683
11941
105664
86694
5172
123092
51919
1613
175560
80683
36811
194188
65501
178479
167952
91823
159684
40135
136780
90955
130921
148081
193315
152052
34949
406
144242
91986
8424
127816
133491
99886
98719
61241
23188
156995
85046
116652
79200
145839
198607
168382
126686
106244
137533
7527
9630
164465
130913
102977
146985
158868
64797
123259
22353
128575
56482
94229
141758
138704
119013
7219
114086
47419
166719
102458
68963
24845
54932
24103
18995
11157
66610
22513
131232
103511
56922
56667
70630
57198
101124
115276
193386
73725
130585
143159
189482
132629
79882
30501
115061
103016
139090
164698
94516
179517
119715
50925
187968
195044
14714
97060
144443
68372
96974
182045
27633
31049
32165
27914
124483
9846
176753
165925
145990
45917
60706
69504
27256
151636
110826
66192
6879
117093
103262
112865
59001
57188
1716
48474
138562
192839
130926
32661
164889
18187
15931
156282
72786
116938
40831
117907
65423
182455
159859
177751
28717
134192
77393
28828
88348
162382
122661
4221
3229
36026
53047
99600
191998
140382
179808
37895
185394
85004
43445
174762
143094
121381
163332
26825
20255
102861
122901
41239
151116
33495
27167
128255
195590
73149
159016
176061
111969
187373
176849
58092
3861
191775
88061
2954
113850
172998
75036
155531
157410
121166
46888
88880
87058
161500
85555
134469
25224
46591
161696
111214
99578
43961
23959
7115
81540
92233
62367
116709
78021
88281
95734
69262
33607
129879
176478
14031
190186
190909
45609
155456
58667
41224
69411
88727
68621
134910
20448
191731
63817
86381
177672
146977
95478
112210
86457
174048
28946
140019
183832
142437
115827
144052
29867
29379
147867
116926
187239
171663
138790
64918
83932
169044
4793
119589
192371
62627
35029
198444
13820
173630
190672
90855
826
39838
72968
146907
69793
131499
106431
72760
30992
169659
96679
80449
19877
161571
131596
42539
66617
68871
35366
104615
194371
85403
68125
195892
196839
54512
158829
132409
60423
128141
176030
64414
56230
15304
181438
14883
81082
143875
141686
173498
130082
185013
173265
9191
22425
58558
145944
12061
12777
83893
66725
134922
191119
71695
4615
164903
153542
106483
51921
2674
10009
130704
101328
174617
55824
182913
104437
114873
116453
53471
171437
6203
90313
1146
123207
177054
163042
136139
85621
42308
121597
104685
108485
113017
33970
100065
78832
53328
54861
38412
148119
112259
84148
193591
110777
41691
63893
125332
16572
98695
65492
42492
10034
30303
5673
152029
52667
64448
66412
42335
39119
7473
38199
50662
17763
97660
185302
141761
132468
15294
176087
6643
19463
159015
23786
122172
161617
38625
101796
165864
126091
146603
78282
190176
82217
73088
150650
98770
132992
24479
96948
27948
94593
24438
98343
147798
141391
159921
138397
57754
83912
102121
123383
82922
145609
131956
178532
108750
113592
185836
45039
3951
175329
89045
84258
138611
194507
81494
195613
179544
148592
33925
161407
123633
103112
163303
22861
78594
184960
143409
38693
83960
11603
13145
68445
129261
8355
119607
38298
17594
129575
16885
26161
91282
193593
60114
148851
107079
43740
23867
98557
112924
190938
10063
99579
144292
149839
182820
16613
60736
95347
15619
125160
41135
58700
51986
99116
10910
179895
54204
63561
57684
141913
93903
68867
164115
118749
180599
29483
172855
144929
26742
17695
164121
167556
199914
97285
97191
135273
128299
178384
33768
146806
126412
172586
162950
171293
32050
89393
11671
33337
104119
43290
115582
125802
92558
103736
32778
77591
159189
97450
137695
148381
108842
125883
107544
33805
9244
14333
102199
97208
11738
126286
148939
176905
192315
171772
10202
132909
72584
75525
142905
20428
78372
42279
33773
122369
137729
139261
106787
53557
84768
130634
176016
162956
29312
99351
76437
103375
176784
94160
95246
186266
130862
7094
52645
79572
163377
11757
53296
46897
37024
177514
18265
3232
154495
20866
150542
196221
37055
96407
159222
22047
165422
7597
57431
92830
126112
10935
175210
114912
30321
117091
157012
167622
85919
25283
129454
95379
41947
19481
111724
79339
188837
153014
38473
7437
34614
105031
165832
30782
121754
96000
148853
105233
72789
152544
119523
50497
147501
35777
138417
3211
88976
5269
99975
63089
172654
34676
32829
26522
148315
103692
130135
98159
109119
46863
77719
189807
17373
86649
136678
179313
89012
171016
31129
32695
185364
10296
91754
79856
78307
140887
13113
121736
21917
169479
30759
143696
110800
144080
71450
176550
133898
161417
166157
165163
101995
60814
19637
178113
162678
51208
191473
93926
123148
85312
196411
119165
159033
36466
146441
190486
143980
139870
129558
54830
62550
60756
53756
172738
131502
179951
19408
92046
73272
97824
116588
60310
11505
113036
79590
50656
148350
141646
57720
90845
104347
4190
95100
142891
52994
8887
52241
136200
165305
133628
10251
70003
118672
16738
63474
62464
126222
45244
160262
19884
117608
5141
162126
184917
127390
131223
34853
119108
62977
115934
164703
70502
178452
161699
195522
119879
154664
107728
166371
81954
121279
191502
77170
125299
89194
131591
14777
59313
77830
187720
156013
187821
199187
136202
193729
25060
128942
23992
57816
148407
191940
46061
22720
94437
52181
7811
85057
162202
61200
63402
40891
57568
155246
195656
51685
74056
91198
143199
95241
87239
105177
100194
181001
86622
15578
183217
86855
93972
55337
11687
182899
85021
59911
189343
22192
194125
100887
126017
34551
92627
188739
150647
85250
79535
182181
25387
175621
129785
51388
196982
100896
145017
128594
50327
176394
155335
75196
93063
118199
162634
120677
131947
96421
194330
178199
140853
103563
113829
7586
68451
94622
78013
196694
171120
70309
73504
23241
59845
108110
167686
38900
186725
120169
129903
197894
16414
119281
12078
24275
134983
33380
82825
158581
167793
160936
191224
51638
86036
6683
91988
109494
13793
167629
158902
104427
114985
30717
23825
88747
104500
36765
96439
44689
78943
106169
66783
138823
90352
188870
132091
101813
71923
168940
144574
48870
70429
26229
90284
98437
143681
98902
145298
195956
155666
119710
105935
44275
135923
89937
40100
150797
106980
88491
3274
50492
174808
120552
33346
29729
117807
50167
168670
76438
81370
170881
87824
119877
168827
52544
180674
119066
182921
13796
43912
177878
130552
110744
55748
60526
37739
185632
4683
188791
24849
25882
163295
24352
25433
148853
159684
121236
156999
44973
35287
1003
167039
164380
526
114081
146388
135688
167790
157744
60513
110274
157404
179403
36780
54881
46679
33532
181308
62231
183263
164946
32870
104267
101706
56980
85789
153514
157254
12216
43308
134943
75712
179804
82058
129241
49862
150087
162162
19410
121271
87725
31432
154665
117843
183494
156630
102020
116949
171631
178620
91903
75689
160995
133804
195729
16346
159129
103408
37665
194671
27208
5878
73282
35184
195261
121875
26980
180372
100800
43175
179917
117600
175684
39018
43277
113413
12038
178201
102282
30540
70166
197170
8467
93277
39829
68437
118505
18882
28929
6511
47843
127538
126441
180630
145656
120076
59615
102791
56620
1241
170664
125639
197598
123479
81540
96576
116540
184143
68084
106790
105222
90413
139697
153609
10232
104658
171597
39318
11019
195079
97505
35842
59431
80987
179902
165734
56788
116385
164858
20950
156959
68004
51212
3262
62714
85621
45323
196788
153844
89479
111219
173436
81361
92142
124901
162311
163993
146857
77334
42413
61394
34840
22022
45838
74076
145379
164509
101444
193688
149693
112046
32707
79811
95927
43627
38731
136840
109080
173397
149563
10907
38706
73238
52195
38843
76242
28892
196774
17508
124086
118974
4375
77629
189998
66520
80827
125428
192500
129453
66539
194552
185616
45082
62500
170090
23284
19414
101748
183767
198906
127162
178022
26072
189935
1010
176203
160294
133734
36739
174573
94435
188093
44033
153063
20961
20495
148806
165694
65775
69770
150034
82747
14971
192275
145029
57679
56335
89553
10735
140904
119407
185526
53165
192954
22954
132739
66702
96072
136802
26307
134725
138229
125433
82946
154682
33889
90217
132080
173182
63215
116978
31275
172353
82006
136756
164166
111868
63599
80096
75550
121867
14402
176686
111623
169332
132071
100200
178998
7032
24281
60370
77718
157632
81155
68313
71596
186150
176739
170484
162863
4436
184971
143180
120378
157512
184970
127816
174324
186712
90330
64881
114748
96831
72298
194411
18390
198705
182751
4606
9925
143616
184893
80700
41663
85426
47337
183239
150604
35037
152327
166117
63737
43254
5739
179945
84701
141045
44319
27221
35580
131492
145191
100369
167140
68685
116894
110285
5111
56716
17929
12450
64368
2669
168260
26358
85913
92013
132144
146019
85175
144706
69878
178123
100403
157122
125241
71248
62959
12031
138990
80843
8175
190768
56157
44751
177101
92313
80119
142854
97254
142060
5714
78703
66093
184046
74858
156668
163240
131354
173620
196922
104490
169273
180193
21954
91878
107131
104458
178688
103481
178116
42538
77997
168625
24196
180868
34248
152051
163664
167497
66084
100460
111564
28085
91100
155945
101425
139501
28816
162644
67530
75566
80484
179821
165732
65746
187793
57809
193474
73113
39687
135125
4882
117685
73987
54811
137381
17514
114278
64451
126592
22315
60971
161320
131849
142732
102615
68628
180813
105127
163404
198291
114814
105645
182861
140310
2085
167304
107494
148504
133859
113859
19606
46947
182691
172923
19402
157638
143030
75637
56122
41408
36192
39141
174452
8586
75465
161492
152826
155833
54947
124000
111376
79866
24358
78035
170995
87881
97021
169490
66715
61184
2730
107141
45526
195186
196525
40523
117347
174644
20982
72487
82878
162061
73161
106310
95867
181620
76834
26663
6087
119799
193910
10461
38889
25953
129119
74020
90013
38431
121093
167891
182121
17819
189428
17337
52128
194340
27676
32032
199292
141449
51871
132357
79585
45419
3588
11487
168302
166704
113044
84861
119453
33210
3517
169292
91915
21739
37847
1289
186068
20120
77426
25912
36683
156645
162167
146546
25644
62090
27782
58432
19080
83212
101061
181493
107201
13356
110908
87316
5052
45535
147455
196013
69695
192359
145960
37442
100202
50915
155845
166254
86656
194622
16288
68426
13191
37208
17818
184822
174754
189844
150475
111485
124703
34215
91957
133311
150005
81930
58664
132051
162360
112483
164023
195338
55157
136933
92648
161258
175757
198473
60616
131447
71386
48573
172069
181726
104599
74193
34131
44256
135457
80715
627
132816
198570
114132
37233
48813
72907
98406
161194
63135
157233
188310
81326
120335
21883
168234
197120
189836
112978
102120
199503
37914
80169
19001
2092
32922
151831
193396
77917
20840
185503
126394
52185
161327
117509
64581
86762
32838
101079
133794
27742
12899
11307
13092
98408
132640
196236
46438
106684
189535
156194
5205
56037
163622
37586
46727
119006
78652
74784
40008
20684
50735
135400
89305
145187
108043
123272
133821
32405
151198
34012
124580
198747
103973
52415
150077
162866
120705
104295
133423
15002
6347
174817
189665
76068
199705
91156
190253
160535
137697
60731
53887
18077
198551
30660
136618
28954
160241
118873
74847
168215
107577
142760
126861
149818
114043
14141
60401
55425
80801
82356
52949
94168
84973
135537
83753
197085
184952
192052
181029
108960
172931
55409
58580
39043
88076
159068
120607
125679
118430
192415
131735
195115
7800
131258
179199
197388
158732
131033
185889
77097
7689
169026
154268
190608
79763
107758
144542
134373
14620
139529
26365
170394
181003
161994
142752
190073
95962
22196
199889
68616
22282
70509
41212
84738
63515
197157
142608
134381
7398
41674
94743
139545
172747
30730
172217
103254
90822
80977
153242
124521
99570
179382
183731
139132
176185
136372
76083
7191
23881
68311
95227
188933
79121
108851
158354
197110
183343
24488
34807
112678
115512
46764
92527
197234
44283
10537
108925
44439
115609
144926
118039
187832
190561
152735
86654
12089
170972
61753
117742
141055
70953
143788
9406
194009
141983
151920
129144
33100
166962
93203
154580
84777
35252
170977
170229
36591
168576
16183
65724
111129
21450
109379
79371
169176
188441
79058
54484
112463
117056
10129
110879
64764
36984
113259
164621
96345
29887
39016
158512
168297
163334
18852
32273
14311
123792
62530
144945
194110
22062
190518
187118
71671
121670
116548
179559
2581
133056
127918
148320
86794
128773
154509
27541
45924
118891
39999
191609
178899
130028
80798
171531
146239
99796
26962
20336
135317
124927
118147
74385
53052
143334
147344
151590
21487
4854
192144
105845
10899
49885
86384
30631
91454
75299
143846
1050
70257
186315
9155
163099
177576
157760
40561
50307
112557
58886
36477
133666
15116
107751
153120
41632
113770
43654
180057
140004
11349
129695
116360
1357
36612
176619
41957
119779
198481
14518
127223
166728
91198
70816
171218
155940
171052
181570
32231
32705
110729
126700
27979
174526
115351
25459
194338
105084
182781
194739
58475
56603
14295
22780
50517
137674
16568
182805
70888
159961
42424
4853
2865
80346
145921
56476
32319
30527
112008
73529
183804
195696
37363
125543
182225
82195
153375
153200
15029
149147
105725
182768
162407
35610
154797
9175
36284
6611
10062
77925
54018
155265
75355
88334
144047
148279
175327
146516
18023
87725
94513
22082
53927
73917
148645
145578
27727
176862
96226
97981
111618
36841
177128
142125
83285
161642
82760
10928
59337
140845
71204
121921
29247
138957
184968
192479
114516
181638
109917
174778
40222
80820
190707
151075
58369
10829
85334
154113
19455
168
133475
38610
26596
48387
143110
194419
171666
132011
82221
192396
30724
501
71270
197385
106746
191811
43177
157994
183505
92357
160347
116373
29056
27199
21267
27889
179740
84715
92484
143760
135838
151611
107735
124831
176918
82677
154595
172557
99429
178713
92698
168608
173585
21754
40362
27783
143631
183967
124514
28814
70773
59771
151818
100342
89170
191728
198794
14368
198172
135209
129498
145349
108036
16933
56664
92363
33454
116708
53103
107283
16938
156558
161075
142342
143918
175692
137135
105827
25087
117503
98978
71605
153925
196135
106768
65613
3504
182709
11466
17015
26483
113530
33035
41487
168872
35311
146185
129036
64044
101649
67128
191129
177956
34293
198817
68592
50396
16937
76200
96010
122710
199819
122690
35799
172764
172233
165764
23374
80363
82699
136665
146453
42430
17936
110061
98950
189686
153250
165455
179633
95504
19774
14281
159724
10045
176575
41424
106845
26187
43414
160205
150791
106456
68535
162375
50584
194654
85310
115369
172713
100984
171700
113286
40005
197558
8910
2586
173522
115327
8714
191490
47950
34816
27941
98755
50018
123350
150287
20918
143835
182781
64564
149911
175320
88803
173901
85323
36325
85693
75798
191851
54973
170439
176312
62807
117350
125387
124090
57939
1397
111642
51013
20607
10751
120240
147241
24858
191930
181379
100430
176444
160745
190311
166249
169124
187066
170024
180773
125228
199713
146934
197962
72361
66865
16346
107483
47455
131390
191658
117034
107945
19264
3003
195186
42545
121919
189179
187067
108369
72111
165821
172840
198426
46703
48804
68881
199216
164485
122987
169806
138485
13849
88944
26902
141104
160824
118411
74341
40897
112402
95674
70060
45785
49255
125491
124196
141111
66548
50031
144448
5104
128985
13204
169665
55422
124269
132955
64465
48731
39969
105283
40494
150883
179877
65792
3354
163376
185107
95147
94618
32147
65345
92262
156621
180551
187791
42538
128944
186100
187449
79717
137824
19653
113012
60111
78557
8159
61892
35999
23861
10990
136017
108846
23156
163160
114713
52799
189655
54323
52595
44696
6039
180582
110201
71719
189237
194852
123597
33428
96966
48973
8017
63152
143573
79375
10577
197679
160034
189395
110592
157557
11057
80245
169004
46460
173835
20086
188798
43724
3569
90268
65746
42328
183634
102321
50154
165248
193824
163695
38603
2367
179533
131668
31261
61375
70279
102648
108444
48817
96880
16014
148443
123333
112471
143461
163264
170029
197518
87521
197717
101540
21671
46200
120121
162589
114590
89613
110076
93089
100897
133878
72350
70592
85411
51582
49782
5372
6228
97859
73341
21472
85525
53086
117399
194829
181103
103004
71477
142470
179876
95652
63665
89563
113411
112192
5546
33959
117294
135050
23709
158528
118661
119084
141668
84438
134611
162418
69383
106333
29691
48117
136142
150470
29136
149643
129809
29292
142566
74052
185066
117131
94150
65409
107057
71631
116791
179446
56133
107345
10163
190043
146625
158976
169082
9781
89626
89162
42715
37564
100244
27939
131417
68233
43786
157640
153094
148804
99128
25520
4816
170408
109900
26718
126625
48210
160306
53904
178418
87322
116754
44362
17350
37045
60644
49295
71938
145001
54426
118317
65696
165632
187794
115003
110511
165028
91475
109925
93144
129404
31196
47053
175090
16776
61963
103662
149310
58455
50235
102222
68191
193809
103591
134303
33812
81634
17952
5426
92441
120001
162483
131246
185282
40144
175124
155906
58979
112288
148578
183907
89701
34951
39248
182015
68016
39051
66213
168795
175318
59637
73524
75520
143163
151101
178388
146803
27227
15194
114993
67531
93561
191195
147387
168399
143224
67777
177555
154828
107620
111964
191208
109075
104596
178830
15943
143868
77108
116618
3302
31567
113040
22523
181200
134643
113691
89985
25282
163746
118816
37463
96719
46679
33118
25017
77264
37547
18163
96339
105837
72009
177917
73021
167287
76719
122911
76224
199512
50287
98218
124747
138194
108912
74169
128187
137310
197380
69621
12815
111947
23908
133060
72941
14491
156149
136187
185233
65184
64828
87727
84718
168391
82521
391
132799
9255
66915
71086
67650
73235
88599
151425
42989
44602
82909
75695
8680
70897
157291
177046
82304
105408
165515
146303
111096
143343
6565
154665
5224
155061
92843
6988
146815
114840
34015
94689
94191
194765
38319
3516
41149
37670
156018
180963
121281
55046
112314
51455
143122
81937
56422
185213
173297
138915
10765
9679
184262
171324
186120
77104
191952
188827
67424
54078
26961
50597
58853
92828
174113
65964
61048
13301
198048
108647
38491
139094
14159
71997
199089
122491
67210
140748
132863
84111
122058
25456
160628
172136
69482
65203
184706
195996
125919
53730
152593
84833
124538
57982
69221
199549
26367
59542
73529
110655
13824
94900
154380
92185
166654
99045
28336
72558
99808
199255
25280
168440
333
17706
151079
91268
113732
182060
147619
53407
77881
49161
80765
103208
192722
46235
104651
11526
120703
159025
55710
130060
74699
123255
52277
41104
32039
1504
32583
31
45011
894
169874
2782
123349
124675
108854
199985
54097
188069
80851
70288
124
154035
197335
177536
198068
10457
45401
174326
142323
185518
176973
106131
118254
154077
8496
121939
8363
54628
113509
14523
177246
98863
169027
74164
89453
78699
133740
167176
98645
11534
160882
51185
155401
172573
163977
173480
123952
181215
173205
89693
15548
13283
3352
137829
69978
151341
10905
85178
143254
132782
195698
18514
198921
188558
176435
43784
197969
142936
121991
113664
142300
177752
23601
77836
78035
99807
138078
194719
157914
160025
73526
51391
168092
198118
116318
162227
24441
117078
90989
167123
129199
4889
148328
4004
70777
178120
166419
82077
157584
48675
168669
4469
35598
90930
184279
82421
22371
9798
183937
193537
144064
97934
117202
173064
153871
169734
100033
63903
57170
55084
197628
18881
117464
118296
161294
172387
185902
198134
172025
15315
102942
90036
46353
43491
34749
92705
81593
119085
53187
183683
55100
117387
15697
13225
113962
51429
21149
5946
113247
153995
43039
55628
33249
32397
113715
100660
80540
69928
41926
66450
186205
193496
56789
124919
37372
198294
125116
44809
72764
193222
112556
117851
10646
132593
28372
163397
28643
178605
81825
196501
71957
13711
61514
154118
73886
120036
36727
31652
189766
156254
23182
40538
156952
173129
77343
143155
169596
192369
7093
41905
64559
151036
133146
160244
92228
81850
166869
6054
31229
75634
80562
89908
29187
79520
164927
13978
152238
99698
115909
42178
178080
185408
111177
29332
199063
48105
117899
41797
18388
32652
183838
199677
65837
120273
108913
171651
62280
124092
67293
45502
50560
157068
190615
140605
83667
86211
133705
12733
84484
134808
66329
47585
72856
52573
195834
158769
64101
149579
67981
170946
150687
172386
41741
12851
152289
113504
101560
174592
167517
34574
25977
108465
60213
174653
64688
40372
44407
159275
97354
32020
11363
144523
62708
1052
56938
60146
47078
86153
48155
139494
18925
196729
143171
172201
102657
147896
62275
58382
150147
176278
96006
117514
142298
73219
141831
157314
140686
159431
174319
83189
65610
162156
184978
89031
43332
185586
107989
128383
169253
49922
129673
45589
129681
148379
37679
80126
49141
118116
141019
117825
34431
12337
105183
148824
57993
131199
116467
56670
47667
196659
187076
171877
25462
111919
10048
111932
85294
171132
65513
119350
133112
145611
195934
89280
15994
43691
155275
171787
140133
83514
105779
74286
154518
197752
129618
130542
93299
119439
72713
150553
119552
143991
63952
63011
41546
117902
151262
103496
56127
96280
94264
117403
91891
100290
140359
151344
142815
151007
109637
22365
68042
71512
2519
61039
152428
24105
18946
73770
93961
17581
145226
119883
46242
115132
58338
140352
117012
9319
103020
180276
118913
18602
93347
68567
71546
80420
174214
13258
45085
37361
78730
143537
74597
141154
164560
191042
32986
103207
7145
111704
135383
82273
79467
53839
145283
120544
23817
61434
197849
95746
173651
49703
104082
94028
196926
49627
122847
138470
153154
146593
152432
154327
162866
79907
2872
194017
159893
59573
125736
158328
162762
29723
185484
137273
181028
120657
87207
183905
97674
147739
123617
20180
130357
62056
161237
23366
60957
5186
57038
53621
145596
183674
57631
157697
44774
179763
147490
110802
57846
22992
24697
187685
185201
107901
40880
32957
25149
170568
168167
11411
70256
67559
124113
188805
38935
43032
67573
22854
157158
157623
86014
163898
64563
85582
188188
26386
113212
88170
25251
171661
77100
178
167778
58695
53313
177105
21053
116114
61562
46238
78739
179007
149894
138924
127424
23140
83705
49320
6582
101172
44885
170369
7283
100030
129732
155246
106070
102486
69216
128165
48200
186536
120483
28966
4591
101515
38181
74444
175809
155462
77119
150377
154939
59874
194492
167885
198662
190393
150604
99546
79790
11631
51832
47589
32709
67126
143074
188553
134133
163326
94827
66283
189375
51089
99814
4253
156036
62243
80206
84075
184005
130972
109768
71388
23938
102027
143358
59255
141831
175588
167460
24416
84765
39472
50928
144706
149792
196448
195313
11755
106300
390
110034
132309
6379
61126
74486
130229
176554
58516
123143
140595
98281
75867
59407
9630
14340
197512
14720
86348
148919
50627
147919
195386
54481
138399
145465
113987
13514
89463
9905
40216
46171
182932
148610
109920
93343
30499
132570
112387
124520
18293
106596
77150
100384
164017
152739
789
125186
195568
145959
85063
71168
78350
1969
66029
127418
150712
79699
3401
92986
75954
61898
174091
84798
20045
54270
137341
17903
140467
199343
23456
184967
195290
27442
28133
97116
17443
117863
85014
113489
59561
138498
95428
119367
24048
55257
104056
199417
27446
27966
30266
46567
111106
131916
145468
173044
76487
121200
185162
70544
65735
145216
112402
7240
130888
5364
31500
20539
197088
36153
22626
27411
101482
16882
123312
101453
176899
184945
18647
159901
105122
20569
51659
106192
91353
177414
154966
169953
4056
95355
94710
138747
193571
19094
144829
31486
85606
173357
96025
175212
23845
40801
85047
127318
2919
109862
87337
196089
63953
126544
121203
34352
181822
19023
41734
41474
196634
112182
144406
117229
131269
193016
134844
126464
94716
69224
98712
196786
146205
48765
100938
90325
39889
129422
170253
3993
112696
119010
55152
38276
113787
66422
82829
102336
78295
57272
31992
102271
180493
180399
51896
75952
29013
130245
85954
21254
173334
156065
80599
183135
51854
198914
46242
149834
199433
62966
132377
1780
168773
74725
61481
171805
150284
79466
131288
100314
72
145774
87119
84970
114260
43344
30192
67911
60379
20419
7887
31566
161606
104202
54774
623
81180
24989
47327
23110
23193
119685
12905
197803
85458
134009
150978
102589
26222
47606
136117
38734
139488
163050
37785
166595
121906
161964
177353
154979
99265
93532
62439
111384
26029
167369
185298
162934
13
23538
163658
108359
188259
56659
189488
153896
93420
154859
180254
158128
184782
112007
158144
27327
48718
91825
84503
38341
87703
107851
117633
139151
113032
199073
168343
131978
22288
173970
94910
2619
65987
141541
123898
150154
111782
89400
79930
122423
168683
143977
85033
74492
135480
134469
41304
127671
39177
75725
131501
92067
137149
186179
169504
112112
37801
173248
171098
36870
148621
44990
137729
99110
84330
86245
104824
14988
50823
14594
177743
100254
25896
45851
197871
118339
33136
166512
43163
11177
108086
83330
165986
11861
100152
93007
143931
185312
193684
67106
107864
102911
132336
1259
135649
36152
112642
3495
156107
166168
17901
146343
31808
140028
129227
173415
176939
164447
145798
177156
78019
30223
112721
153403
20798
155972
124724
169378
49445
138523
89436
98647
84753
116194
69439
150364
13382
161302
34504
98251
43414
106713
102848
108479
73888
134876
170104
25732
37854
31093
80532
146927
74937
171153
123086
116
79118
52834
81194
158491
146487
31909
178912
72844
192790
192931
58256
140570
6179
182783
22879
190223
109414
119794
178659
33146
28510
69578
72337
42522
48494
169081
111602
125671
47529
115166
48574
144712
18526
12969
52576
92721
199216
41797
161545
163272
15379
143466
18641
195996
52704
34722
195729
163021
84519
134846
54859
43057
168951
7536
198884
180122
56142
11949
58532
176283
34843
12470
33425
70867
163527
137976
118677
193854
151854
65896
65708
26696
189111
194733
198138
96113
103622
160834
47130
1393
50616
16032
148521
157891
135315
127596
7213
96232
127257
152872
90001
18007
83593
162003
187890
161453
53918
95099
97578
167841
57321
58681
76878
25788
189430
91469
83154
116306
180405
135493
14765
169947
83814
190912
38430
126246
59005
54515
134600
55299
108140
119049
8816
76428
198996
184025
120597
76328
174881
105164
74293
137010
28341
52526
126762
185402
156714
101221
45978
198426
166071
185089
183160
154950
137353
18077
133750
182347
22178
143171
22123
111282
116353
107427
66408
139413
85602
183264
172321
192321
155648
125201
49956
103815
39296
8282
137108
181394
111278
139279
38012
31106
195289
109009
98480
128117
4944
71720
150057
10304
95901
185049
96940
171774
1885
177732
54507
185340
133151
150681
25886
127383
21799
112917
70516
187323
66628
134398
183851
133796
169504
191571
89706
177282
125610
9412
9666
33654
157872
151979
108686
196344
172183
765
173502
162478
163395
39631
118817
137772
190430
178770
8447
83486
8820
18217
153013
158264
90714
46841
45773
51859
48541
41919
103442
152052
130825
142604
74684
117643
170521
167410
112582
167062
38152
87808
187725
12510
48194
154440
187488
116371
97631
137023
68649
185931
53711
154578
56720
59060
31129
13903
175773
195436
92787
106844
74276
145018
170202
191581
11952
145158
72431
12978
156410
64756
199176
133664
2298
135715
102313
121215
9283
31617
10693
60179
37411
73774
591
155555
49609
97721
152905
185783
186387
99969
106103
161425
21875
50283
12144
165805
83415
21694
80314
184134
4948
158889
164686
175945
52124
59198
186983
173891
145112
199071
87772
79828
86776
56751
122649
160979
54005
78404
147759
146987
164190
21170
167161
66181
111335
115490
4459
47113
112245
138702
173430
164365
5353
97651
10391
68769
164965
111232
107983
7272
31233
78642
119535
63720
36323
27445
49446
94668
137826
142089
2295
186421
79784
62579
74919
62205
1401
93304
6753
30971
192893
67542
14620
150471
197683
31302
23887
71370
4816
48281
149473
139542
149764
172312
141076
73758
35097
185319
193883
156246
40177
168508
174509
91909
92424
34868
147838
62909
65770
83317
158417
19379
135146
43059
58519
101086
37653
73049
51806
58853
176628
31491
36290
65893
78517
188386
81741
194548
164812
45257
184095
111579
93651
151739
149025
189903
136225
116132
95993
75817
45592
177981
19307
35717
33222
128500
123623
148358
159659
180049
59108
106818
158598
123800
40848
72034
176032
23474
8753
4971
21472
42619
88931
132400
183185
80224
40248
67899
72786
368
192028
178102
38321
184691
52157
15219
112443
84524
45380
148770
133117
101290
184795
63706
22769
166096
72101
148298
121328
144348
94423
59521
98976
126981
184212
63540
167072
198490
50922
4413
2099
30126
6515
180733
177118
127031
48994
122232
38908
112736
38565
168840
59263
91721
78625
182371
119866
133815
31415
142683
93071
86957
5255
152614
97915
89700
191458
134072
190888
170938
88410
44013
157116
102272
89234
5224
124073
96005
74001
81561
26191
39923
165389
8763
182689
118141
195842
180467
36523
125014
58811
44796
142729
106081
170797
188221
63743
196010
93043
91758
126087
141639
160378
29629
45701
170454
162248
159298
198479
183218
116502
84346
170612
113433
73381
178060
69944
167494
44547
5782
84269
62545
29397
177092
137241
177153
43268
65170
152100
123708
124453
29680
90054
66091
182324
91321
77203
96179
50019
97441
110993
86741
19595
30321
152372
154563
108968
35077
49063
32401
140102
113078
95562
31777
196955
3020
66083
109942
88621
175038
197303
165547
82592
28674
5909
144541
115896
10314
12150
191280
97812
138974
46777
15484
164218
20629
15695
54232
152815
145357
185059
3908
3252
107714
4849
155861
93815
168137
137728
159346
76094
180834
192369
37237
23428
109990
134109
42306
9798
170665
159472
178749
132819
104900
97096
159820
10115
783
35756
26860
116341
101124
9719
118191
9767
179430
49093
33092
192438
109199
135661
93122
148646
29814
54504
2499
174461
66512
89781
87441
5559
30048
9415
54276
159011
74342
104435
115276
80680
141537
157700
124254
160187
91348
121606
34113
129154
25154
45151
31044
29676
25554
174770
44773
111049
19309
162166
145018
86385
35447
32827
73574
39690
45245
159532
82272
75517
23313
62856
66824
174421
115202
120610
104627
35261
32234
23871
48024
195739
153112
54525
61155
181446
190480
135910
110920
207
2168
193787
137194
174304
27181
126110
196434
52786
406
68222
38866
61781
157388
62980
78163
172087
93448
10695
177041
33450
13983
118002
100496
97101
85808
32038
20467
49164
175915
186472
91774
186789
47372
44117
120923
189227
46940
179885
62560
58229
91761
197523
111979
182589
127099
94327
123312
107257
35389
108057
21658
73767
112398
53716
195366
186140
199107
196001
31717
20098
84236
123483
197444
105881
128230
74089
193855
16834
196268
98595
59337
99294
87757
7056
147299
199172
180265
65480
82251
66139
74038
13189
165645
106036
134241
164662
126166
93336
137880
123007
90141
174312
158186
35092
83703
133824
81078
164878
195074
177796
182713
198671
127828
160294
85212
56178
168166
72880
27145
24345
185972
76878
121686
144919
82891
148237
171826
81564
72887
57935
9509
170239
112405
166762
12236
170347
184872
1603
162286
73859
6091
95159
90249
8937
175556
17531
187276
185886
95198
10992
18376
68971
25673
52598
157143
63973
184355
136481
125635
155744
199230
71476
197171
132565
83465
73080
107309
181453
141560
85836
58728
184251
186835
172973
13449
118790
119984
87412
121166
27557
15417
149094
123597
81897
24205
65321
50285
174995
84377
150627
139798
135036
16055
50337
9237
45377
177161
17799
44872
114796
51388
105000
115355
177061
157702
155279
39315
62977
189630
152790
113623
181399
116437
70539
89790
134933
69382
90534
132157
56516
86583
50569
4914
39309
119797
126458
60039
134640
133417
57099
157952
99349
127617
98101
125795
50895
135390
183569
130660
162760
4206
126390
136061
79348
61193
26288
112381
147698
120427
69158
69091
170001
175051
147568
197009
19826
99755
120725
140702
17782
25455
37173
53128
175396
168488
45498
51792
183480
104385
76754
144944
123162
171021
24759
80364
149322
128957
69273
38968
59322
41637
96319
198917
19865
137304
155675
99431
28831
150386
108648
25144
146977
62060
185130
170307
86638
29040
76214
73839
1238
154127
70265
126965
35837
183846
148900
185045
1665
102880
47747
114037
24042
65280
167621
92073
169101
170952
144510
77292
196152
135873
119910
13747
95414
186315
93082
42545
75752
166015
149774
162819
153275
38035
143440
126663
158090
72592
179866
166749
106800
114051
157540
192115
15474
24255
154840
38068
190152
51783
41395
28876
24094
172980
129309
160333
108389
153149
65453
188165
72903
99891
42949
189518
68133
136977
78844
79253
78997
198324
107663
151090
140366
68508
53469
41945
51201
73993
162881
21377
186147
159583
135768
187655
26722
129211
149115
10015
146775
133107
50007
53319
108413
114341
227
73425
1865
162023
35488
131674
129919
129688
56021
152920
60180
146263
62322
162822
26027
110874
119042
139106
130583
193469
197429
33924
137391
72509
168509
128495
146629
56894
158124
8934
196199
33553
130602
144291
82961
5472
166398
77669
116769
78903
7119
46542
135904
172285
140216
104404
20774
27140
11505
181680
111500
4395
134248
145901
116097
5502
47877
195233
103095
155148
153511
172907
166821
148002
83413
62180
9776
31341
50570
92611
58936
489
101738
135063
178986
167859
81374
51342
46233
198469
100726
67943
130564
49344
122227
33981
2901
121750
138712
121879
15137
167614
188318
155669
164677
38601
22612
147855
179877
60800
76031
52772
26592
102435
96819
141955
170456
126558
2131
163138
196314
65944
56397
62813
136772
131020
117092
7964
159250
184744
147000
179511
8542
30234
153541
74723
185670
104684
78916
116101
176655
74113
70962
187888
181852
187488
30863
28758
59570
104704
193820
162126
84335
169390
150615
2591
21003
1701
1885
103457
69981
195262
105556
134254
188532
126704
167846
139916
177062
81509
149994
117090
173618
145326
23974
62333
176410
41480
139241
107210
39348
321
105391
88692
25979
54955
191275
133907
143944
45181
139826
179940
185126
125467
152123
136466
137545
80284
35680
57261
94817
133650
8529
196497
121436
163582
169667
195099
29880
109271
47954
140955
193191
114052
150449
132546
22343
143938
98445
30484
99882
64566
5756
100884
155770
190092
69747
118712
5969
52476
106122
149173
108458
62551
100912
129174
55537
155586
170473
123462
24021
116257
142698
180760
184693
125441
71038
147520
51779
11972
33110
21146
193421
188743
105109
123517
103531
37246
88920
80926
47621
83927
110371
135445
96079
79383
182349
92052
59553
125658
95310
193647
5738
103615
189704
166211
47869
135377
165117
19369
103311
8261
105131
47180
