10000
80503
13429
105419
54552
191445
109890
80023
1827
189107
161292
146229
104232
149147
111348
154366
27939
118054
165210
127753
133741
20372
68554
195298
101027
50249
173571
136817
160686
40137
20547
161671
56146
79996
177924
134976
52626
90113
1310
60023
117065
143796
170159
148743
49310
189780
187656
91415
140457
85647
18742
173541
20431
165462
155205
11331
16735
59914
73762
17676
22185
29500
84580
109189
15671
67154
50076
163015
186448
182496
168141
40235
168731
177419
111088
43072
149370
167857
98066
140364
118112
160156
111428
73826
14371
121181
84341
9073
45105
139555
26415
7300
130995
151050
147550
149700
125892
185787
179403
149985
146529
56737
144901
9464
172717
84933
61460
40003
47971
60883
144615
43167
115358
58776
74050
63807
16844
29531
112700
173189
77811
46839
55235
183462
100859
85353
145922
145121
118943
55892
184385
41635
78296
109264
129750
79000
127446
110899
14092
26686
199494
30791
183252
55955
43819
38192
175633
43264
93553
138880
17926
27166
175812
86657
132616
69843
187488
33531
27817
29143
85407
21941
165259
33222
159611
75677
171093
78483
76893
12669
134661
29713
13518
107279
113030
118439
118930
6889
27084
195987
101745
75945
86453
62776
132420
16304
182920
168503
112516
69510
142954
110943
190498
30109
25547
32575
85381
162100
41589
106986
60147
155843
25807
182268
62441
54234
103219
177648
5381
21008
122447
191755
149873
63379
152891
198497
19623
114341
93279
99123
111262
169682
8049
161816
13676
167734
156188
44073
161639
59529
53090
195750
39164
150541
39127
176342
35767
181466
181041
147329
197797
195985
7890
75179
8143
47962
74231
29951
199022
6513
146790
183430
147412
99414
100285
46518
24153
103488
69726
131045
66642
163160
40478
143887
14023
60860
107420
48812
2389
147181
159885
89185
37251
124820
54711
158292
125064
99606
90547
119401
141500
148984
157844
10067
70565
39165
52068
67297
141467
153336
165870
119036
57949
11834
60498
84780
75240
177092
60029
181148
11724
123121
192886
12010
162644
106648
93938
177518
23866
41743
90208
161530
123735
192682
93387
169437
145076
7929
126528
147581
115917
32496
138804
127195
109154
196151
197578
122346
182907
158196
13902
150283
111330
192380
107267
93025
164835
98769
110401
54640
78831
103440
48445
69892
144596
13818
27907
114396
90335
42517
125931
107194
167389
113340
162585
156836
119475
123347
17194
24395
6791
80144
70293
73192
158264
87594
52982
98862
28098
131012
3474
153146
92188
53716
70752
103839
24755
185503
38054
153216
21187
179618
169164
62344
13325
150840
126499
153856
101928
180322
127110
116634
141618
166985
181060
1516
41876
147633
168566
122266
21524
43485
2927
11083
164837
103039
26234
163248
196779
11034
33499
185373
78747
161366
21067
166882
87927
97255
116644
47532
23316
23105
188260
118991
124047
86250
31588
180361
77283
84055
50354
27858
188673
129316
95937
43758
65730
33476
102592
16018
66938
183945
131997
48958
47164
195566
26579
122488
120972
13687
12392
6164
115847
27806
152885
121539
178731
10866
49353
180426
41814
27703
63051
141071
35877
173398
66689
103933
120855
104491
159346
24153
128743
27651
44511
106030
109883
138241
35480
192510
27347
150234
140540
71818
8407
96161
9557
122669
107687
76920
93605
41946
22114
131245
55689
178943
87583
59237
151565
105429
98935
167090
154270
74050
8673
112365
192262
39644
132758
45855
142938
98454
144718
80148
48873
82631
76605
129435
145695
84678
80749
182492
165667
20865
170143
24885
108608
134579
13300
145571
107360
110525
47123
33499
68583
150108
177071
126936
142159
151434
43802
142741
126815
168724
199568
149015
81922
81459
50843
91930
175928
182335
157349
161380
36602
146363
62697
87081
102412
136992
107467
25141
108479
153873
184204
15009
152540
192636
44008
164905
177011
20904
54699
177819
156769
81844
141964
134639
158140
756
72505
109630
9834
192585
109315
122128
68746
112009
62862
94339
2353
86724
162030
115667
43451
160125
82209
97766
63952
106227
189013
135201
66847
107998
57142
27892
107971
159912
16342
923
164898
88158
5813
169820
140002
17292
116384
156649
172808
8164
81327
160384
46388
51854
52668
180163
172510
71105
67597
106982
8290
72286
71572
139556
169342
192740
21814
100943
92138
126554
66510
36954
170184
187956
121749
79015
153518
198405
33470
167199
36587
116813
89992
12488
19691
29566
142787
104267
47243
28304
2923
165335
32162
165995
66957
54998
180075
21360
115096
78673
42784
46126
99654
114136
34046
83959
148996
17485
87953
160430
143923
192256
119319
148088
127450
33785
156388
163615
4218
190123
164324
121788
2661
197002
8402
61241
178983
164511
66970
125861
104436
93096
28903
161849
77545
101282
171448
37970
1736
158211
31351
84518
153016
183028
130166
141274
18058
46458
34206
45549
195845
188179
58508
42408
2405
177547
68730
12215
16253
156351
193544
110683
155917
142273
83806
145334
61564
150609
197429
70672
79724
20486
120928
5455
171227
150605
166401
68069
75978
2749
76036
991
17708
75019
139091
9702
184962
118759
193128
107082
80639
106726
142753
93256
6015
104407
90946
40412
65020
73155
50269
127247
197424
137589
44455
6291
98679
94517
40508
54015
64014
4323
4802
60554
44217
749
188655
86838
870
7610
115373
4708
176912
79259
82103
195487
41293
22802
36370
95574
65960
107558
4632
194214
168534
154031
48294
160897
30659
145861
165255
45883
54946
5651
59088
8024
198423
131518
151245
185659
174688
11158
36223
107803
74641
58780
30938
50739
184528
114463
41470
192086
72213
193898
173049
87424
116548
17001
182091
6055
30402
113731
66289
2211
181558
114710
169473
28118
93216
68501
97979
53138
25038
4205
34619
35253
72665
105170
98413
158406
190161
32255
324
177540
153375
36641
87036
109418
105280
87570
166856
65791
75323
152306
71367
14495
145815
151740
75071
23121
57186
89837
39863
78260
91636
85074
137934
129949
150911
164842
9186
52769
104203
33970
47753
133541
74580
147495
114435
187462
144906
72435
33368
173636
69478
190007
165411
178665
16464
64254
35306
20856
167395
127247
66293
178791
119379
98957
56029
58166
102202
7057
173456
34942
142978
117280
138773
57353
58715
125440
97949
1057
134722
199573
91899
120401
129827
76103
131652
111560
56827
65283
74179
71941
132256
178955
112403
168865
142266
108646
157777
59351
77606
166818
184863
115863
93866
120441
147093
36800
137419
2509
14490
42784
70457
184241
91874
24154
94959
30232
106638
20139
31333
140039
28765
164455
58213
18655
65867
32671
32049
67520
180199
170513
180534
30718
112350
135228
33939
37487
163382
78092
49079
135369
25471
25844
78290
171562
132100
105426
16012
123854
142017
167779
183660
10721
166599
41934
90701
167890
132212
189244
28614
162626
84469
1680
181355
34637
130340
164879
151933
38566
33063
173511
199525
29852
175033
25443
38211
57261
185667
50262
115446
117667
126012
71761
192339
29813
63455
132205
141880
62157
74420
39786
48270
99544
184520
56887
197373
189937
4923
54749
149632
32967
95372
9634
104561
146434
159214
174027
160330
166403
162714
156167
65232
173556
58634
20471
122705
130049
194498
149271
177116
16029
144994
74450
128471
70554
171033
43821
134009
170172
154767
123666
181132
23579
91097
19072
85356
132329
16319
157727
31299
168892
157865
121596
109932
76855
130368
89157
78106
186350
127477
171935
184701
189997
68285
136932
57679
112797
104753
99321
161879
135201
155282
110857
132541
170585
179390
157634
10946
169278
132600
139609
178780
25218
153997
51840
167106
83949
137854
7318
100337
79772
114324
119962
107293
106826
131613
42792
136631
168118
162841
110130
101760
158742
48417
23712
66042
37351
81083
129889
81586
99807
24159
121386
64380
153555
161435
50227
39764
80845
154622
50847
115267
8243
185365
15275
32879
129917
42849
120247
177844
186795
30585
116563
138030
89956
120623
145447
116698
64997
100007
86942
16931
185032
99576
3504
112137
124570
54622
88220
114469
52427
109501
177852
122744
87898
192751
134606
89742
152419
108916
34863
153071
46958
153935
50124
15316
24267
17452
152219
118212
191397
80883
62098
10410
176311
76088
57648
179600
22223
194370
159050
133989
100518
30776
89938
47175
11198
187586
43573
180188
10124
14051
69126
16208
83194
57911
26123
130410
119628
95525
100576
45815
104080
79184
61262
95483
84580
146262
199854
188730
163689
93649
82740
159333
123729
198754
174102
60605
172348
34242
11036
101993
90822
158855
99963
36097
46161
167565
196002
114341
169379
78601
87258
193146
94700
150369
142383
2180
37591
164382
97374
172304
68623
20921
80454
9301
145408
137063
180985
42956
122487
113737
158765
156406
138841
107240
39590
108085
155623
173979
143226
1786
191741
16890
122088
50440
127054
141609
152164
167873
138134
161399
73943
172627
150001
78673
32329
14201
3641
140231
183393
111611
111398
34799
21721
46254
10134
67990
45504
55381
60909
2553
162195
128955
97477
126586
78882
149532
178247
106509
72427
48954
41697
9957
103311
85859
191158
31452
140669
50796
105669
43401
132356
166165
57300
88179
166827
103092
75137
54008
161924
19213
198912
178739
147333
191833
26390
161718
48086
137476
29242
143478
35661
108703
40441
40350
193906
76923
87287
71309
25225
195341
159234
158706
153477
93413
158333
108828
161598
100410
196966
194491
27412
126056
144346
118257
33002
25534
148408
166277
43418
158109
70977
138097
96825
185712
58724
96893
180241
81921
139165
88471
148349
117509
88146
62720
142908
191837
111431
187084
105114
38451
114048
137536
76389
54631
25604
137993
49898
196774
148323
104224
173624
89243
171914
118468
16091
98984
31995
97170
100375
122267
134534
53505
43170
98920
52994
137901
3397
5464
75882
49835
157659
10349
77255
23288
54315
54612
66993
90830
191053
104662
182702
82801
87060
188646
38160
174379
195287
66838
160930
197626
153272
97272
175616
113916
130517
194469
164084
8871
177924
26622
34263
15912
141872
158274
4727
15901
19146
166356
144613
157909
101767
27169
164497
59129
130540
13084
165833
184553
92301
148848
93359
120270
4950
117560
9184
148709
157902
114421
53120
43475
78100
170797
15508
12098
30843
17635
128291
69367
113611
120822
109153
121295
91177
138468
43708
31267
148367
80673
97604
145709
177154
149704
27291
98636
43848
36748
127812
81150
68313
30825
130151
171778
182535
123292
38137
74752
122927
194048
66504
119790
119296
147088
139385
49167
91249
122459
34197
147237
51046
10732
63593
46764
74607
189790
101097
59123
187955
58643
34913
13818
195797
126332
24568
64535
66520
112737
120350
82058
164190
190536
42780
184705
148101
141722
129532
17701
137552
54267
124456
40953
58567
166247
63389
68766
62800
41652
97809
85199
60095
93541
34161
118570
163943
66595
167974
90686
65453
54864
199406
54164
59319
42652
10089
78999
32508
77058
60613
151639
112451
120569
97165
55388
186988
178824
117364
171338
135809
36690
2061
25644
178037
155554
62095
98245
121706
127313
91645
190957
89388
52203
11803
144388
103689
99701
174724
133815
161137
10320
137961
103233
58441
14822
116302
91347
74281
43062
135571
115086
105700
142069
183784
51579
82983
146540
110843
12434
59563
50534
174850
173545
78683
56053
40392
151076
174336
4674
48859
39831
153755
121347
61216
39949
22975
119364
88541
120139
169339
184898
180745
23226
23525
188907
173026
26178
196260
122722
48995
69527
81410
196318
185863
97727
118556
160641
35439
126812
125878
43072
110046
136979
95477
17918
76593
159213
33243
79584
33890
130473
100869
139170
146858
168405
76798
149496
186173
18438
45369
184211
14563
74297
120135
190063
71580
11010
166803
27159
6598
169758
33142
92451
108218
24616
100575
128174
110945
14228
162627
97991
181830
65319
1505
55995
192769
35970
131816
193425
180459
189846
44053
45916
151621
111393
31725
154930
124486
265
35980
163456
32114
11233
20808
117542
114633
70609
31053
120931
106659
174458
180175
59320
20609
55700
130101
74569
12845
47922
119606
145276
177038
86130
58899
75925
143621
125037
14109
11431
180713
126253
16891
130667
172756
5698
52736
101450
30234
111438
152498
52432
183505
199752
193256
125760
33135
80553
122579
39432
13613
181127
27178
44669
168350
32888
128644
31323
164052
149077
183038
169367
26612
174403
122310
145403
148750
48136
46580
47463
131733
111036
155065
156333
194100
142642
29274
185325
125759
83692
15770
172196
101965
187521
168780
107775
141105
1685
6026
105566
89042
160323
102292
8457
188324
21252
129142
76203
28915
12216
80137
179043
85469
119497
129353
150340
111014
64390
193301
158671
124838
30275
103370
152811
3051
11738
67699
104342
76280
16746
111188
126143
188475
141200
177196
90593
91230
85603
189490
171291
35736
161651
64639
68157
63914
107022
177287
190742
182819
23993
2426
77023
24501
40225
47955
131716
99252
181088
50887
148628
75171
172962
6224
188605
162619
192013
184697
20633
79792
9530
68982
55515
41720
82530
141107
94173
10260
68403
10826
158331
56033
64732
134186
124988
187254
33977
140343
101850
130938
185364
170932
107849
162627
139794
71750
148084
161028
130453
141980
95986
33849
173407
84485
23379
22129
182799
111830
33544
107607
189056
112284
60276
120336
168119
49723
193819
33662
180966
78665
138655
184587
166985
71405
163129
35742
173342
115061
73302
153547
129858
11032
74119
17916
52298
104234
91153
146852
61019
182507
150321
37061
79130
166972
27582
32475
145808
93521
264
175910
2001
14234
155585
32643
162111
162471
53484
36930
23907
181857
30717
134501
31000
7036
174275
133974
162303
719
194528
111175
173123
174597
55478
6400
158173
35863
60842
131804
84074
129406
103669
165269
120836
22163
22939
177153
178851
73859
195588
73320
47688
25740
77337
153851
46140
49235
163257
70888
110942
94119
121841
63512
115553
41747
74921
136433
41279
19999
50643
167406
207
158727
187976
102261
77366
78203
2390
156798
42605
148136
74675
62524
3293
22540
66933
31526
121710
166753
24896
108718
4843
13355
157515
183032
110025
35163
194078
183932
183253
93975
148840
135953
160201
177864
148561
158303
128318
65503
30198
134674
75696
6830
112303
152438
145501
132567
196092
91603
75779
122540
61443
191554
21131
107240
35194
29501
123225
67222
175335
163320
16277
87709
5433
109327
100379
178928
82040
98460
53134
13622
56916
35605
136409
32704
23073
196026
166952
179159
84505
167426
30885
168684
100313
89761
112904
440
141340
6523
52829
113767
80742
186827
97127
130981
194710
170438
50623
129740
80025
18036
23011
168079
106004
133443
4269
149541
127069
82285
69090
92990
93679
164598
86178
518
136370
112845
8938
127424
118823
71030
194678
174115
187726
75910
8342
154764
125721
125651
150082
35592
106496
25091
66965
27951
155334
81886
8221
146437
115206
195317
103023
178261
131941
175096
184179
111348
41102
31870
79904
26005
65205
101775
86147
182200
112382
199482
28961
22693
179113
136798
151004
86264
14814
53869
60793
18296
193135
99690
127663
195614
45865
73379
47521
193030
119828
137093
140879
71938
151198
102863
188899
189118
187909
184636
19238
180327
148329
131776
165180
153622
130069
199692
64292
136778
33110
140394
137451
19868
29279
16270
14785
119544
11886
26318
40765
99374
93752
33533
66178
142988
153387
86890
25736
39258
192029
68550
49545
21770
190882
84143
13881
111676
111449
175788
178348
103000
156461
132884
162358
48344
113176
29353
7738
152299
182047
50022
152876
24232
175831
167927
110963
56518
139135
43919
38194
27446
145260
40616
134918
131990
179290
20428
188900
13069
76853
62700
119095
13750
171854
9796
180593
129235
90772
41031
181192
145492
32418
102433
39048
66835
196536
160385
134136
59220
120760
16985
13476
19555
28534
66841
10117
118484
170499
151459
28612
62843
133147
145200
46720
47710
176671
77512
4184
156114
136900
86156
26928
143210
109516
163851
124538
60011
155036
183075
66739
91280
91861
93536
171437
132643
62984
185873
184287
97419
178411
88513
40351
165042
12109
67317
161045
197829
34860
110273
38828
73586
115292
5560
20790
2562
176901
184345
159598
182294
45828
22097
71011
11459
57278
4654
188013
41455
160667
12640
49406
142940
186910
170359
24511
50521
25905
197302
105203
149003
118309
89532
171690
176572
116453
69121
88688
169256
183271
2406
197858
12226
174810
109316
111135
160007
197577
167524
131675
151605
165371
120464
138542
179748
166497
65853
109694
180146
150378
139144
191146
78339
63579
111174
122026
185530
185556
176773
164687
19516
131116
90990
18655
99609
3946
120714
72726
56517
12902
47777
55059
63454
196908
140055
187354
59892
90019
20788
127326
134558
99529
176531
194297
183981
164849
166797
162645
110030
188720
155755
195690
19874
96140
174096
15930
90678
191970
152911
56707
57881
196105
174128
131
18765
97379
95550
51877
138493
89546
191020
180398
105592
44211
176492
125514
129009
26720
12938
168883
195565
66140
140047
171321
28806
59352
170304
114926
151017
156243
92310
160007
32064
160670
176219
71278
150438
166313
109140
148719
151532
165568
84873
182303
49170
74336
194820
64614
15321
79686
192573
106271
28067
128089
182472
140721
168076
185157
4514
87772
90884
6729
106483
64507
122585
157301
184864
83648
81763
140868
65874
19449
97323
140701
72093
66630
122250
32928
14247
4924
107667
81258
150731
43104
110155
70277
29697
198065
80265
23801
143501
198543
191193
36907
10318
36118
154800
112382
44824
133684
19707
34564
27599
117496
171913
77894
108547
163201
108717
22212
175953
107470
4917
126308
182207
142274
13976
122452
112867
115536
95344
140931
146362
183976
17338
88678
113676
136832
91932
64966
170165
183217
146740
189787
157823
94649
54715
104109
77298
49302
71370
142056
106244
84679
107342
151146
6964
100715
147441
156723
9463
184312
177992
146583
82496
122602
114377
142430
67550
97762
45828
78778
128723
168762
181688
44810
98194
91705
186827
26911
89748
153370
95031
106010
77507
177001
112461
192925
115494
103108
104993
119216
35720
151996
183961
129347
84252
153048
85853
15938
134841
154193
36686
96346
110637
167020
22581
39739
139976
71210
152320
160562
10298
28239
151247
195652
100133
61131
188968
171636
169733
107077
157218
54639
120574
190668
110994
143171
5342
36724
149091
184311
14770
172595
145483
125216
73996
70103
6382
110134
38969
90213
175823
79658
31006
179449
187382
79112
144747
49490
88382
82945
6953
46570
145294
37071
186098
89874
31831
72005
33590
171701
136879
57562
166624
104581
190389
178553
14132
159747
77209
23049
12630
78477
39201
40987
10170
22152
48341
21785
14831
38445
84870
165107
116676
79296
101309
107084
49133
87573
10425
152915
15154
92823
141838
29622
56218
6722
64437
176631
116395
180839
64679
109453
23026
113755
5553
48308
29298
161323
142388
4180
176623
103177
17620
71340
44408
102529
172690
71747
145892
93643
181237
2607
120545
9889
178735
127628
39397
199274
182894
96522
24197
82648
129364
183811
151894
93772
116681
65782
44913
17893
87212
61817
81699
18073
78877
155274
42401
19542
150144
108253
190408
130808
171266
106447
73077
171406
199782
156115
66948
199064
156605
153645
102845
78063
46067
57402
106224
3630
76765
116836
83910
92922
59690
41001
26998
106919
66958
20973
90211
102747
180645
183018
56013
171012
145492
136074
66950
99853
68108
75034
52281
39815
189880
25698
123298
94129
195445
25657
20414
109057
84529
136110
17444
119222
81478
144716
105199
117078
98867
96260
89508
24233
34328
18161
102415
52848
110354
135376
24409
7516
184002
23774
80247
53508
129493
11755
151575
130148
68638
186898
151276
81433
147586
184719
106036
156209
6938
43664
27780
10115
120565
187517
45627
1907
158274
178659
184759
172041
105349
162269
98224
147580
174785
63696
26532
40580
42632
96566
89317
103249
119129
81534
166076
183846
192283
63905
82775
127688
128727
59210
61534
173746
111264
97999
185806
32139
133474
49396
83334
195131
34738
41078
98791
63447
135546
70362
22137
65798
92191
155767
156548
171332
99675
31125
114546
64240
73283
152345
141597
107058
183312
103632
187084
121539
159261
122574
109560
41423
141773
49498
79723
172590
146498
41054
102065
82858
11399
12454
7773
193910
82049
163433
144288
34216
76319
50837
131605
184438
129143
132668
43949
192863
117534
124740
153078
142510
51775
65975
11496
156949
71192
94737
112232
137087
84358
155702
18683
102468
190597
10652
43753
172468
39078
94680
37678
1214
2145
142008
52391
101922
158664
147668
30454
126804
51642
14463
169610
27098
10702
12964
108187
156124
115600
14969
76849
132592
24321
858
117066
76272
92018
151138
93628
81436
160329
67794
55052
196746
199294
146977
34447
3792
198711
161655
52009
27082
20086
96028
133361
43145
152272
185871
60325
73282
126245
83996
4533
129890
6227
172455
144946
33626
38773
127871
184992
53756
93538
134354
173564
14504
50462
67731
154794
56216
40217
56129
72860
171517
10041
157396
125649
88787
123866
171829
117558
152814
87853
18311
56220
21452
158508
126778
196036
184955
142752
11782
161488
173104
148152
141842
125801
10989
17962
176693
51174
197226
11572
113302
172568
166667
89165
17932
189236
183250
54363
126384
163581
125388
45117
60201
58319
95326
88420
172020
126240
66066
1316
138357
101170
15763
66706
86267
70062
107485
40570
174715
94691
4700
163563
178854
25128
104149
136201
149189
195612
26084
29968
49550
4545
43579
163859
70631
23341
42336
44821
152664
75525
128159
50384
86516
15452
47312
125878
150339
71726
23864
68326
24515
114461
94787
130479
169130
189682
147424
66942
149314
146044
168788
88522
166014
167469
178104
20781
832
145186
3933
141232
67431
24727
45299
3410
88780
67783
52310
144211
165996
121361
195052
17355
190914
111227
86263
3689
9358
191142
48635
81184
131044
61337
78118
197797
119233
156468
87862
87449
118072
166130
31521
43863
124537
110616
119478
186272
1606
32437
157255
94669
153097
81388
59520
79769
154604
90907
197823
170262
137427
191589
74203
98115
106101
67462
147259
58468
152703
130596
137336
80216
161985
153680
120127
129247
59501
161324
183743
41185
118268
139332
30899
187199
145207
198517
129714
142107
74353
54416
92925
136877
194143
163964
26375
170939
103377
134012
139946
45462
65891
189974
137382
76573
186175
38430
101848
48628
170571
120834
176029
185069
99882
113028
199917
78726
137880
164218
46704
59878
11624
140186
63570
61083
94118
117603
117943
116706
138215
41332
174167
176025
116621
147410
80452
61175
120058
79862
167834
83788
80207
127245
46069
92864
38198
198160
59137
162168
154738
161260
88874
174683
113667
145007
85128
106322
130285
74903
88249
81150
18583
81673
164925
81758
56368
149132
182876
88818
198297
121154
58131
145572
165261
199206
169813
118457
196104
93045
52146
147532
54213
185518
50731
176059
48206
166672
191189
106107
190612
59994
138969
24987
176318
28533
148145
9
2548
137108
150338
47771
148449
179655
142948
106430
191952
112463
56028
124059
174871
26357
104945
145662
82159
115769
151699
121803
24585
112861
80779
48582
148875
155339
8283
102621
103271
15468
65577
166667
139425
108345
40777
27904
54947
97181
43934
144504
182144
63998
3490
22783
4567
109987
21710
106706
153773
92808
116008
108260
189327
169062
30592
157446
171317
100083
5188
2220
113097
19891
33813
41443
23241
51137
66143
91987
119309
171342
183054
135948
164438
75481
104590
26772
116460
37884
67196
99959
84320
194733
140551
39454
158842
56997
34633
12068
163043
194550
189038
169812
61720
125449
103033
174832
31876
135337
71452
124918
113454
164472
142907
43326
63874
36153
127638
78909
19876
156015
127616
137620
171368
192048
46113
151706
96671
156374
156508
57282
21991
91270
132307
13925
130615
19795
178447
77992
110076
121400
149249
193096
33639
31708
65465
138040
124730
199691
166932
75771
74688
86329
127743
30673
84292
126420
25500
38521
23654
196374
173201
12942
146972
126055
155719
46663
85528
88788
11315
45535
119620
89461
28325
4471
188792
18150
65062
119793
29755
148042
50701
91108
13725
72549
142606
118881
184944
117032
85770
177024
173920
197191
84974
78615
141842
80355
36320
198645
34134
10537
10648
4857
97861
57798
90967
161412
34607
94112
59623
98771
191757
141784
2530
192437
108837
48511
106139
39892
65217
143560
22879
36026
154373
171618
83343
152556
26613
112218
99756
169378
29269
183702
98062
106047
47129
118247
145133
155233
73713
194965
103814
145320
195232
13580
104023
86968
133771
141151
164716
5376
183042
135912
170385
39677
85727
95861
159407
81089
27600
61071
126353
11984
40662
16656
168243
13580
172381
99520
71498
37925
92331
6222
149462
130825
66658
83147
14580
155401
109301
98796
28675
24774
135291
174797
18667
72431
93953
235
38338
181539
51804
155158
172557
60495
73922
80482
190560
40714
149282
106436
177249
173936
25602
147542
28429
182458
163159
47214
4353
9042
96519
9601
16536
32062
120199
75537
134593
75939
58607
148935
62243
13247
157363
58704
7344
97553
28525
190793
58708
111535
191516
102540
108350
68916
109789
96804
100087
178597
13470
190625
214
101753
175134
2393
116586
166404
198254
188362
5977
132080
39379
31131
93533
2896
151277
136244
193659
41886
194306
133336
145435
83003
194101
52064
195955
194508
161603
145113
19036
157184
1369
136937
71043
101609
4689
129734
56224
94713
166738
160719
151843
21599
134742
38673
145693
28322
84541
83441
78069
34734
55506
131815
184540
60547
85294
166972
68661
54240
81984
190320
135399
18996
25268
29066
104180
35226
159350
56338
42955
176980
3289
113694
21408
67341
151695
36114
161726
95377
109627
109036
144024
47765
90273
72551
70852
6048
153018
50812
34974
26726
119236
134204
105982
74387
7755
52051
179665
130927
10457
172045
870
94423
10069
190121
164250
11458
117017
181582
69648
74597
183407
190199
47886
143485
154422
106114
91062
95771
110519
129378
47236
113658
151335
68811
109210
37966
72030
173401
133453
184300
60474
146982
193054
16455
63570
129177
6848
34025
151015
82551
128001
67902
7619
67187
120458
156347
182615
81188
93813
103696
39499
14904
175517
172745
193714
146828
111719
192385
54310
111239
127399
183795
151977
29984
97550
165691
137055
128204
5302
86827
122868
193457
151128
145247
125245
164496
115654
99022
62317
55334
40359
52269
26413
79690
10913
87505
32639
142892
77840
179481
165920
65125
133669
194953
76970
31388
12681
33788
60612
61947
83173
59488
40342
100501
146272
64684
10078
12533
158163
96557
20193
19009
108153
78211
121743
58062
199463
57881
13845
143762
43530
188765
103605
118923
77105
115110
106557
138381
4772
55171
184660
184062
189860
183371
189877
26828
176509
155902
76703
56993
18688
182331
50371
157733
127548
57311
149076
94442
66177
145826
2187
160018
130886
74613
32067
188179
97939
73562
163838
107144
42253
151413
64522
19209
70631
189561
168144
172544
112934
715
100568
183316
110520
68516
54862
172315
9047
49668
138313
192703
100004
94523
99448
183706
28140
190369
179292
51679
158203
51041
39283
178739
84874
89172
153503
48288
134981
15250
48722
174458
28361
95833
13720
178467
25528
6988
131940
22304
113950
188326
70067
184813
125686
199333
142866
140216
189126
22399
115497
83634
118321
23912
14562
62400
59144
66745
128075
18240
44492
180780
35594
79467
140138
102681
132920
90487
88994
24545
156291
129920
89735
171820
149275
96450
37903
108635
181131
107822
2534
176166
167101
33601
25162
70455
24964
37116
80485
86251
137071
26590
148038
195286
127231
49340
104118
3717
110594
147016
176274
190779
179462
47843
79508
69298
154784
99583
117007
51629
92970
126762
82117
1560
139834
93408
116664
80171
141012
90717
135735
156865
138109
142110
183465
147831
122061
40987
89
58029
58912
20633
76580
99994
16525
194726
27059
32526
161768
187720
55942
167138
13128
64492
174337
9222
182579
169022
138942
160489
159825
65157
143723
126797
73346
77904
63255
137493
21246
26188
144873
87641
84293
148251
49668
82434
61513
67427
145565
190722
55079
187061
90700
64393
106436
128217
54104
188274
115318
93561
181267
81983
43577
127405
134646
54254
117707
157819
95988
187383
90735
158688
53374
43209
73490
151127
94425
103019
1183
62719
8466
113328
141622
34964
61252
90986
16760
94094
9487
198136
40637
155916
103093
55961
140005
107336
192821
144745
127488
157385
196373
6098
21597
73521
118547
172526
121908
92082
97061
72014
165574
184966
94270
114056
109801
130702
39613
12853
80221
183208
74026
23359
68518
46310
157368
57694
11965
122010
86470
147340
82346
188884
91775
43453
49552
136683
152350
130451
181839
76374
76636
24504
76880
33776
172229
182918
96199
172344
178598
162046
35598
9994
127370
8195
52900
163369
35995
82490
23955
142753
100020
194751
41773
139402
40311
155278
96221
72051
106861
197284
46427
23977
61080
67498
104359
139892
145284
55098
189575
34135
148021
14021
67615
3283
4957
113533
120426
63180
120360
177675
65652
40459
24772
84759
122235
195405
25120
81232
10667
59079
120815
51356
130789
193109
2175
160373
193434
68335
36607
173838
97014
175135
101698
84625
158902
273
83180
44741
61378
120932
27583
42156
187350
5711
2211
185350
43685
17543
143481
27879
184633
103213
141351
50917
152026
111293
106225
95885
95038
141702
20638
47979
107892
172546
105769
83456
3222
68734
137481
140640
91612
23979
110669
104050
15884
72259
94891
96428
73667
17482
97984
162884
14615
166309
97666
116764
79788
1985
150817
141570
91638
84276
194403
195294
69177
81524
102456
99159
32325
162189
105933
13369
33625
186692
59427
15974
132175
78827
47444
185039
57795
137275
91937
77123
24230
180415
60290
16020
170211
7935
88498
33112
117804
88093
27240
149227
77878
142115
92455
111635
30510
2612
42746
39582
64093
37615
125377
90206
182355
102117
142711
116211
81382
196328
94323
147036
168049
15368
16354
169751
42479
187464
95153
122162
28286
72937
90912
171908
62259
178003
111483
8229
61577
130148
167881
39088
62832
37817
52899
34938
59397
190292
15773
122156
70340
58433
82762
169490
94671
34195
39841
12054
97577
187016
197743
165407
69233
176469
20556
173224
17244
65388
14028
79748
64862
185295
156161
138133
169102
133398
50554
197718
187874
95507
83110
119930
163748
60971
81226
13488
54548
66386
137095
17192
149605
35804
87714
108406
1380
151895
48639
83096
61661
57594
104954
59701
6996
13539
56936
170639
47234
196795
85606
195156
89936
83833
89845
104607
163440
191059
65644
117579
43070
12389
128268
189119
60933
32779
4137
121469
65032
163483
109773
195342
46574
97592
188464
135164
39095
151442
151854
38223
29293
78075
3725
1452
38648
768
113067
164748
163175
140444
137064
191697
122866
164948
37032
51318
19900
6196
53970
2613
96752
190715
102371
81629
189687
12754
86850
57393
179491
139455
113141
185744
80672
170001
159434
175970
83822
143897
8857
153143
82387
48558
188808
105375
127499
111205
122881
146307
106286
196156
199823
17696
92795
143964
127985
9052
61359
186303
127698
47522
163838
87783
182922
199886
159543
170401
107587
77445
56523
183433
111426
70594
119509
19990
107741
77559
164505
186908
183592
21305
59861
14654
63820
143497
105859
177699
181930
190126
125237
70695
197492
6356
98378
167473
61555
176621
27781
152997
70755
41795
164543
109359
21316
51286
74648
130078
86180
189269
100494
162779
33005
184845
185202
43270
191077
29106
18123
41728
172645
25046
132240
97049
131790
195072
199956
8824
187766
162326
9853
5472
23031
111837
134139
80727
143788
4130
127970
112808
185268
148309
120244
21022
177554
59916
149911
133819
154101
73397
181668
23632
191409
50402
98224
50074
142200
154795
178722
35101
190542
134559
90342
108212
114665
45592
20474
12025
11636
123649
79977
10348
157229
96166
190341
69645
61736
143680
184612
18943
88665
179448
96353
120695
108740
148704
48820
51305
72869
104456
102466
178267
79222
76786
165829
7589
25684
93380
88998
45744
63506
21841
84791
154124
110508
57063
94872
68148
190165
83434
83399
13905
17697
188930
39260
19885
154013
80304
166681
11593
135253
42616
100271
77508
109729
171502
190279
195491
146838
79884
153657
115976
107869
11992
8036
140009
64887
162690
138031
188187
39738
96522
111490
76688
125813
116472
158553
86588
119547
98072
163400
61735
78326
16448
1856
106010
100013
24915
62990
172182
1905
42003
17351
78866
114404
39192
154930
48242
87855
98987
52186
95634
30167
156646
74837
37827
126081
126046
171726
150922
89300
191969
174151
15386
139649
183096
139657
142605
2379
11738
101483
37351
26465
25020
175189
91718
96456
37374
161610
14427
26247
46782
160522
42010
94775
181357
91008
54337
138642
66580
61296
166296
93646
135769
193777
128399
17242
132780
125291
19967
46160
192316
25969
56373
11297
141771
83426
166617
80624
27516
167036
18182
48759
24451
136481
96014
113982
147284
33587
195832
30227
19661
49479
135515
73508
196571
39943
106466
4296
180865
110274
58364
42695
139817
1674
183413
80561
15070
128306
114130
59209
160499
152884
27023
28701
34940
73000
175391
90900
67006
8571
181225
101753
127914
36865
94557
47236
21055
70192
138519
158291
171813
18802
172553
155799
94876
100497
14271
93450
63960
99909
175694
54581
51964
67358
183208
91647
62955
132380
192352
106505
58903
161171
76647
46959
20930
141052
71147
19097
95079
193861
98880
152511
160843
81726
59122
147267
191077
84708
21519
182606
153633
31705
19152
62412
1583
20539
165044
4633
23875
167642
186088
52264
89738
124809
131739
135678
72456
18927
69289
120235
76838
183370
168589
132668
54235
131812
75462
177914
2924
49406
105356
83066
67518
96898
70383
25316
167719
84262
172402
50508
184770
181174
128713
68136
69285
38186
107834
26746
21995
108325
110490
121463
93580
147700
65343
96807
166048
40033
4679
14576
9730
5383
69149
34348
64139
55908
126572
188078
179772
148555
185634
89840
160303
134596
116881
71176
142970
149269
63661
77063
177329
82608
110566
88994
10476
44492
152997
66221
29334
33398
165923
61631
106646
123269
155310
163708
188536
190225
144650
175915
20831
7627
183922
89785
94913
92623
78315
65993
52552
63837
66239
72215
121644
185105
105000
180608
195691
103806
162517
26378
128954
44262
121572
30227
53145
40170
145282
8979
54094
35994
57684
5521
91226
157981
57042
54040
110047
49188
1841
65833
128652
166911
67331
33399
41493
33763
83933
182961
118522
134275
95950
15304
18587
53467
73299
98512
36630
95381
42317
177747
56583
50653
106045
56151
197840
157221
175954
113564
188124
92474
195663
107152
136262
114872
93496
178869
56228
93590
37417
126470
90247
92248
43632
174834
138912
82904
132688
81364
171242
106736
33284
118970
28099
170708
16731
164836
179257
179052
26572
105591
58723
30842
159240
134503
158831
80262
41691
154243
171557
18934
181247
108491
149375
95100
93051
92594
70805
10995
11344
129013
15738
28861
113194
178068
105455
117689
145344
155013
196832
40384
61418
109378
121788
36494
103842
198897
48553
188273
679
61806
188511
140364
189530
98994
162659
58889
129016
17380
61145
143605
123666
5304
53472
184164
87994
16431
106159
172220
18087
8123
116078
92084
198513
107964
44676
136459
127718
116057
156021
38594
50856
4357
173737
78813
6176
77936
72784
146032
143937
126267
164434
151194
196143
86748
912
8812
61605
144648
158920
30366
134285
22125
115448
41095
41247
67076
105813
140907
54710
84629
49050
76913
34434
105571
49241
7207
2429
186295
41666
5309
198156
153382
57520
143537
107126
169863
41730
140107
57175
129160
142164
95539
92357
892
157747
87685
190038
194780
96240
131295
66184
115200
26217
124347
189823
104716
181805
118171
104480
61931
159323
18986
169588
102150
2135
158967
144440
51848
26322
179121
153789
40472
146655
17220
176554
65018
47606
93936
50293
184828
43921
45344
114429
30410
160651
147504
151028
56381
139758
54604
44680
166949
172654
96310
120347
72792
122837
137257
146128
3914
179436
47470
181432
117710
166595
196702
192259
56970
187551
155317
172270
92586
186522
186935
37678
113996
116120
188267
2739
159698
16349
117242
168284
84410
174202
63980
51779
7504
108722
3076
38029
44490
163488
184261
73891
112428
38546
24638
189889
185467
35020
132043
47651
122656
160155
46941
88275
119695
96406
88468
51209
127961
117476
80874
176547
59733
112086
152078
142380
160561
177817
156712
40704
88730
20763
36192
181054
197360
25740
122812
109047
11835
156199
104436
59452
138618
122314
164815
11898
47643
30680
25764
114797
58355
11502
153452
175006
171093
166421
117098
88967
49362
164313
49310
34967
40147
55910
24022
13937
7718
80587
62943
136226
36289
50153
156575
121945
16404
132214
28195
117634
29052
159240
144473
132489
143489
191067
114846
151056
59247
150250
18112
66124
4733
25892
180499
73825
151110
154756
84186
50470
177060
76896
86707
193297
121407
52351
113337
100238
192213
34203
105972
26248
61875
21961
96688
129579
38700
104456
144674
170683
42917
23527
12812
175107
158838
52475
195714
113163
58824
92920
114315
120285
41930
41042
76136
5652
78451
192097
133700
187536
177229
106594
115683
158242
168623
198531
176960
104710
8945
111747
32004
166667
34568
2010
53434
33480
158150
101404
168005
103855
170215
22819
113773
175414
164708
21395
156087
187734
131568
37102
113792
162724
114262
5271
118383
61695
57927
56080
59290
126102
31019
141307
34444
114490
118232
56801
98860
181004
97629
199616
142628
156022
135374
112037
162801
44824
109303
67988
79423
102249
141767
32671
97081
35831
14132
126024
46215
96280
101197
88964
174526
125788
38405
175972
41401
47659
482
28045
183274
38875
69071
134806
27835
21620
39967
75722
66340
79993
164357
139690
61383
111829
119749
17617
182402
31864
22014
56090
56556
129167
53037
124584
79632
84543
94259
32729
142064
47256
163082
44773
146128
35815
183335
52900
97976
98646
151174
193599
170803
62581
163930
158358
173822
32971
147442
47421
77064
60026
23578
26169
19550
188624
186773
47530
54794
199351
147672
67843
156288
107781
179088
69236
132571
132374
166051
63012
127315
74504
196113
124707
96762
50183
6973
126617
27465
164040
199435
184674
126116
80419
3865
65197
171536
164996
188775
83355
105249
53491
44621
108429
135340
6923
7205
158784
108119
99813
18113
75690
127630
59524
101506
89434
67477
168405
128987
114030
196476
113981
24120
93879
33018
140173
101179
8523
99602
110727
132976
39804
114703
84544
192103
99863
36588
92283
147217
80552
101817
148084
135941
9989
31305
30440
14181
32625
135480
193100
20856
1440
23910
121402
167206
5969
127136
48807
104854
25610
128563
117515
192989
33594
163186
20453
9994
96857
80314
116580
181713
126858
178262
178530
162011
148548
94649
178575
18301
162608
187919
35734
145184
83118
115461
112960
196263
172032
92547
44027
166540
26121
81008
165677
115815
173347
160719
81398
13344
92384
91627
190865
133840
103858
189362
99551
107546
172122
138963
120303
62039
174214
50109
135762
169483
167973
82491
68173
110573
162454
167139
45492
195751
127095
176155
118267
43253
5829
135536
126349
41926
152611
127960
141262
154430
84801
81673
169553
11178
128045
59395
89759
111406
141906
173080
16383
26690
189924
154465
84116
97397
106685
177227
88102
89179
53625
42957
194757
191675
190530
126382
67918
30371
83228
93793
155426
137495
74526
147745
136511
10381
146411
143291
56861
98675
19606
140364
132449
152195
28327
141167
67649
100020
164094
48958
99049
130592
131048
127565
117104
86384
55393
90434
94305
113452
170519
92378
68437
166167
19355
154536
138912
133674
45232
135881
126203
7089
141522
131599
3355
112439
167614
2374
164106
5312
25500
25092
165677
173075
1918
39125
129969
88742
95837
158141
2295
107502
18832
63391
163924
97848
28903
133410
12867
136464
110297
75258
64144
31964
2966
13641
75661
19177
49362
161848
130766
122079
164404
138470
103817
16779
83074
61332
137583
190810
75891
131817
103642
98166
177277
67234
190014
101201
72095
117695
93877
93822
95204
14479
161968
160256
52988
96921
50134
9423
6722
16350
106683
155871
182316
164364
174881
172984
106058
91460
51291
58011
128529
157160
176339
110304
80840
115115
75864
195527
76929
142722
29407
130195
146543
102182
8436
91331
143708
152506
28839
53641
172574
24215
87262
171516
35933
87279
33823
20810
115284
188178
42495
38906
44283
25596
69331
101157
129889
159081
57978
130629
27055
115179
189854
119457
156582
115126
92658
99566
192145
105885
27425
103553
71293
29135
88907
6158
168408
58585
56775
130402
177428
124076
32441
61580
171847
157493
108476
130123
47285
186847
82082
9500
85186
169902
3357
54574
153066
41489
36405
37121
24679
22000
189801
80937
65311
61849
117281
129907
9319
140612
81978
35140
11120
81363
152926
59346
104782
64863
160106
25933
94955
161095
62867
91783
178864
68765
132856
37855
81422
91033
104672
190155
111810
79499
75035
61983
58345
93012
13305
123723
10169
48333
81978
121488
191704
87973
69201
130542
119497
31885
199491
88732
39909
70294
33896
70976
71723
88080
38640
166098
197051
183606
66160
93259
74614
92702
187303
146493
158107
59714
83214
197196
117617
94877
105978
109064
186400
192128
106932
69918
154106
112654
137168
80878
145478
86386
129247
168468
53719
46964
125194
102033
177299
31022
124449
53513
24361
100642
147403
155552
43050
53327
73229
145741
135386
83314
53194
128159
38834
112778
37676
50205
159290
69816
161802
68327
105958
43443
29593
5238
105698
62765
26979
94537
40354
136890
64003
11016
96000
190048
94276
17437
94422
177539
2162
128968
103957
172087
166383
62046
74525
18779
64089
68843
59528
57818
160137
87528
73334
141092
39253
80135
10442
99020
97059
11744
33027
31369
68957
61500
60814
165718
29131
161133
155386
170461
186021
86621
64836
113630
87548
20557
188250
197897
146642
11902
175721
21121
105830
179880
39188
164479
176901
195519
175354
144390
180183
71293
29016
51349
63684
136232
95337
9700
115781
56703
35436
178700
19974
12840
52387
151121
51703
61948
124408
74354
42632
159860
121012
79134
15416
58837
12051
6255
121130
171486
74491
4029
116028
40067
189626
60514
138043
99268
57145
198053
198459
69265
68209
36424
90050
90254
131060
61788
117966
110293
82862
7220
107674
144812
137406
50805
74711
191808
157090
78269
144255
73104
66419
159638
119559
174246
192135
8645
86596
4719
112138
41338
133591
190970
75153
13938
118508
130723
96891
18924
97603
50461
13640
96232
196247
66003
163955
51187
145945
48586
125049
112394
158198
188950
123810
188944
103006
119701
134352
94287
70170
154691
150944
19126
58815
169506
135617
107207
95475
133624
178898
118196
52037
88103
182693
114716
5183
72700
8516
199102
153902
101197
186927
121189
174024
118875
81372
159334
6710
130612
107867
103210
61280
2415
48224
18828
87569
47060
140368
132815
133155
160907
168876
14809
23156
53724
117814
102290
28842
193491
89679
156199
29847
166185
114510
135209
42933
198658
81458
190925
170261
48717
25412
121372
90494
52862
130542
114279
71695
169882
167979
9366
158085
93938
36332
73325
74360
160036
119134
12822
128542
142085
61012
156046
133767
76028
160598
198638
142544
141167
119622
103036
106348
42120
123997
143458
114425
141159
138382
87231
6176
183669
143730
46198
179867
84969
181015
194502
86092
58434
40619
84430
155356
105494
58816
124767
76896
94876
107287
64063
19613
196556
31736
147797
139874
68438
155382
15859
98754
71795
25834
42818
52055
191808
198905
90830
126618
96592
22177
127558
126775
186560
118682
97318
78939
113994
48617
138162
159516
195236
23761
79564
34459
170009
98336
148542
141163
63899
47833
38270
49511
140691
8405
152436
47404
135018
105552
62682
145286
82983
115425
56055
133305
25232
115850
47894
7148
49524
78236
142915
7965
53300
126059
107532
162895
23213
181944
27763
88074
190164
21121
149730
129535
113019
11325
182042
123856
158955
87109
154302
98009
13838
92981
14188
194966
8704
43764
70235
160079
19613
81391
126301
14812
15091
190159
94761
101410
155257
139021
23225
160868
60571
176938
5380
85475
132926
163191
112460
198795
153135
39877
43071
176902
177097
186659
161098
107785
122588
108404
58840
150371
136322
117234
159390
72932
153223
35499
166046
198838
69548
60911
111800
124824
134814
199250
182927
133460
26758
121805
150419
22305
172704
31189
169232
139835
81286
173444
79636
62456
74362
171327
191026
190576
143899
91140
178104
110366
191063
80114
27678
43123
98604
91535
62209
171594
82185
6013
174449
26730
120553
179179
68872
84969
13696
69593
164271
11320
62824
90614
114360
190440
14240
133868
17304
21594
147938
66276
131625
51848
39901
28540
33407
190150
78582
104610
59399
33283
149383
76247
6209
10174
48352
136963
25669
161650
73372
10132
98347
164545
177001
71099
195028
111905
3633
184407
188369
68343
92439
110844
9106
99297
120810
175830
11939
63935
197934
82915
7435
198969
179114
108251
50755
92169
9344
85239
14492
30823
119604
168685
131488
5040
53522
22943
111040
23571
101940
98058
19279
93033
133367
53507
123171
12807
91379
119020
112256
126277
43485
156447
93627
51310
178472
92921
51392
16227
79852
54301
102677
33601
50454
23634
160912
107513
192767
133800
150870
179755
37548
145707
30151
3178
164607
24621
86433
5919
90465
37645
48844
123160
84506
174373
52704
41455
146162
65269
19310
129652
40500
5756
11490
165265
72471
53006
80118
144866
131700
181452
20147
30313
108775
79850
88263
196997
9582
112051
177880
51348
125411
110457
109493
8853
150693
61336
99605
89876
72279
50172
157299
160152
125074
186341
43541
9526
103377
82747
106869
161710
131040
46198
93388
71192
105997
150946
163783
79854
127884
41133
34502
110833
22227
112100
45023
146255
174624
111580
14311
140498
167737
194334
84064
175215
98234
60971
189491
149997
116871
11717
84501
60118
138902
161284
132480
199510
127318
122843
177979
15382
132593
197875
190953
180548
114203
145971
47240
55218
33073
79214
66355
85288
199771
178117
65740
98332
8040
85182
137189
175181
167751
90893
196875
116277
160290
41041
90734
165656
51244
19463
89588
182815
134036
33863
133863
74259
81576
34485
109043
74621
76
22163
36850
175965
122179
43860
84649
194716
4260
140703
120482
21264
54160
86919
112842
39251
193401
73231
192470
52780
34260
132729
120776
171424
88680
69000
41906
82380
43055
77769
65064
132095
54396
188051
169580
160753
184288
11140
162914
109339
171320
10117
115965
104722
134628
54381
185071
155227
29341
43106
1975
54955
109902
177753
76778
67531
86760
149542
42580
191397
109125
110519
74657
64436
133691
11423
89645
174831
171725
102930
37325
175486
19579
6946
92042
83601
12502
174847
43869
129286
56036
94409
44767
51215
148431
30338
148800
128155
57900
150290
120096
190232
143621
116419
119831
11547
153594
11049
76978
20705
5597
175145
37488
89050
192700
168683
26720
176395
149750
163188
167911
194843
171507
151137
48713
30080
37798
123464
29003
159207
194544
30533
73632
53049
45768
11881
149079
92016
84403
91353
191265
27548
94564
30741
183759
199123
109827
81560
189556
155190
121964
108765
34868
172833
63290
6774
79436
131486
27355
112924
120800
196306
198968
49165
6932
164654
125943
147235
72471
68004
131748
45077
129486
150982
129607
66155
136124
119580
67646
62082
104846
30668
52068
161971
154329
111227
155839
24596
109491
160882
142039
17115
188162
64826
3234
158841
24283
4353
72365
14619
137441
116610
171240
118886
4996
189906
13650
140632
129005
47544
32466
135829
197835
717
45908
180172
178438
130285
186194
25825
24083
11632
198757
50225
195349
192600
146893
99316
140398
95740
186438
77817
8135
106044
167710
60596
113490
141845
100708
129169
192662
41910
162523
116989
102142
83764
112158
134100
176982
197530
191009
96834
79533
131662
160140
128115
15393
175400
163397
37249
142511
71983
115297
181660
64183
68232
15355
147431
117345
11702
100353
163009
130329
19747
112988
65591
138048
3755
146724
25876
30954
181079
185818
85095
80537
94546
190005
120639
42626
117331
50448
156164
176459
22582
25225
65640
166666
190796
198485
64640
129610
194458
1638
33021
41449
57708
176065
185498
10660
144704
55266
128826
187069
97434
43801
108120
187704
180052
86459
78548
175108
76185
21629
92190
74579
119238
19238
75360
62221
121863
94479
186196
68878
197633
128821
29191
147882
144813
154627
26861
91087
2423
82661
101056
184925
58311
139092
188527
22940
100398
48563
115808
181508
17486
66604
141125
111540
155268
192769
144967
79665
180274
108300
155065
63048
47924
62505
40238
172529
134555
114821
87228
165457
108494
160039
9297
46974
50439
27538
132917
105232
124180
131951
51019
124605
194928
15638
52987
84722
38957
151066
179317
1777
43149
16276
58194
150061
54355
44572
4678
60913
87557
35539
162319
127965
124324
121296
135343
138009
78974
133025
189218
16402
43181
155874
38832
186846
187918
160920
82954
23462
121063
110219
177536
141757
149770
116869
27113
11765
13526
5980
157009
98499
193079
28218
174171
89035
144058
50856
28195
141292
95100
4083
84032
127441
95495
13106
176643
113798
154858
54891
37234
113411
10437
111771
2065
54398
170931
197443
8992
30190
102042
79988
31362
90555
55352
186437
86036
55842
124714
176390
52105
180938
75939
41748
137101
100773
41977
26636
169684
171728
44787
34140
149885
28542
112621
192483
36385
72191
41018
18431
143670
86128
9501
35508
23549
28354
10218
185346
111666
170543
67329
93727
131476
83363
118079
174718
198113
185903
44013
128483
58090
17777
61137
168598
65420
155340
17849
95883
88380
62276
145076
65187
3511
180082
157802
10605
15648
770
103534
167015
172687
198930
107907
31613
19016
102329
138877
60570
79646
49683
149671
124646
149224
32726
138987
184157
49624
34073
63763
75912
79479
58708
69383
114177
160114
190923
72363
143426
124230
189895
40943
198881
143572
41104
43860
165218
39620
152946
57957
66641
162538
125530
119887
52673
199553
114016
88820
104340
79447
133577
25531
154357
70295
132907
199060
2911
111209
35180
146240
179766
40662
18140
64772
2624
162184
125874
117963
127436
191582
68481
3267
2782
195436
159474
137873
183389
29770
177687
46704
60458
147174
28618
154678
90187
49466
85868
174856
4097
128270
21332
193470
78747
132962
33382
55076
13494
151092
56919
79564
3077
179339
97841
113752
3283
126086
110872
127086
127383
64062
154501
65142
92031
161550
21137
46664
33118
186135
105885
161555
58846
155101
15445
102817
134674
178683
128821
87382
102798
73629
34554
149710
119813
61728
144919
51118
4330
46471
101695
167677
37331
6198
89165
18532
154067
69958
77656
94023
108893
116334
70790
134719
145026
140110
158404
131447
72498
110961
165929
64207
96717
118119
161499
1478
26972
127372
188715
15042
187150
134510
99530
103701
155099
121994
115790
87527
150671
147880
81979
6499
164714
29741
135444
68585
97667
40878
147271
192285
129096
131779
153513
96052
98386
62564
110578
160983
60002
122671
52577
114279
194114
197372
16245
144676
158258
7930
145978
35688
32783
67101
198001
178355
123711
49173
54375
77804
115884
141420
68996
31367
101143
10200
106586
127610
53331
145451
5012
119413
36756
158648
111267
89290
195602
30025
30687
166833
5269
147216
127599
14990
9927
82877
183682
27422
158800
1055
100567
145644
118359
192118
11193
129228
174511
169520
54323
53390
118447
61144
162181
40840
167084
183223
62024
134727
1448
74539
28002
114556
78249
176636
445
184609
108875
26917
198832
106110
185347
144987
161167
909
76286
24514
33904
60409
176830
184076
177342
41472
30701
140169
64849
74944
155692
128056
8977
128686
9107
177056
15615
195624
154753
68901
167752
84104
13093
27944
48459
69722
134478
99300
172727
183916
93785
104764
116907
59448
105467
196262
64119
170253
150742
160756
86830
75749
76543
149709
182032
48785
180248
165835
49582
165020
12556
2011
155206
171696
94548
53559
124626
7282
154801
72698
74891
137474
8478
147228
14082
102015
86879
104959
22558
143190
124878
84243
37581
13859
19310
178603
97327
68951
98227
156553
91019
47973
64682
143135
167793
44864
2095
48629
174642
161610
146220
75573
47213
67185
190493
123602
68413
170300
75784
176874
65807
114276
135484
195894
37510
75540
66184
55183
130627
7654
69213
150595
19942
41040
103613
146283
66986
27337
73785
172981
123718
39053
152472
39354
33729
84020
123615
110866
153106
101166
42757
191180
164087
182008
179178
47272
81590
166371
92238
70178
44894
55480
124218
167538
42517
89669
58715
62364
135865
196581
15143
199604
17158
140683
21985
135957
110036
109433
141368
181665
117104
83373
67558
82320
194117
94151
192134
124169
147532
96565
130042
120900
135129
98270
99218
40403
174564
104163
91672
53510
72958
41665
171564
123734
152885
837
197998
155675
13319
63619
102556
36747
171644
156386
22334
108383
168692
31667
8938
27247
184967
17044
84704
42450
40132
70342
68180
63835
20156
120920
37772
171527
88897
178474
106168
157944
122389
36583
71805
163073
81407
147992
30407
141600
181117
59136
147936
29158
21764
40818
185941
20807
136967
13252
103984
80370
154791
159210
116934
123583
94661
49777
175720
166388
32786
146805
8336
160591
49286
5460
35866
44362
122423
18553
60929
121610
33155
187909
77870
75215
103705
96149
24390
82511
36959
99443
134619
190540
104773
69785
171305
26925
107095
50201
172228
157820
180423
193683
23289
85153
125612
146858
35935
21317
106431
89211
16154
138754
155
168980
58034
189951
68409
122689
10465
87474
192322
195524
193278
120730
189105
187013
19674
172663
66704
197212
142268
131140
69267
18225
53119
158632
14768
131043
48954
182274
71159
57398
40665
148270
54416
24323
44220
73492
53034
9941
74648
11482
75773
139686
43755
86323
106001
121925
35450
12075
134937
144684
157431
20735
85817
56367
190268
61212
155474
114357
27221
189677
174767
144286
55555
1326
52764
45159
91067
96235
41489
1008
10938
37486
39600
107920
185831
152950
38117
6034
26069
152617
106842
176849
121863
184169
160794
106008
149969
197753
82685
120073
191787
89360
86594
11138
145566
37176
136120
96523
160280
198053
63159
91197
163190
152145
186269
176583
122328
83786
80900
148992
82360
113085
57078
89402
196459
123289
139380
63313
14186
144965
166749
149489
17594
15183
20926
150340
87380
13209
110569
146133
60540
24209
99025
54966
16361
183252
85138
12161
187972
33471
67662
122113
105830
52013
92933
52449
41412
168763
187621
104441
5589
41046
138994
55712
110373
186250
167050
77377
133510
28056
23086
27198
160744
63197
164673
153866
123629
180352
3517
177561
25536
96520
47307
58354
85167
105069
175749
7718
152410
187179
56346
72369
179580
160079
49593
160904
84816
62954
157156
90476
151934
57807
106251
11041
29759
147865
174430
22658
140315
183163
765
112974
32310
19576
106422
117972
42097
106949
134359
56294
179622
94528
57241
96744
66338
87684
120182
103424
73537
21206
162949
154663
2532
138844
126272
148775
60105
71623
113187
11604
85054
160225
20037
180062
46723
151582
194330
184513
178565
131990
29042
12648
66282
99009
97750
28344
171453
189664
114310
23274
105211
54586
122749
45559
48206
106969
88772
30048
103086
16980
93305
98482
101306
26963
84315
170577
67587
172616
154201
122800
27052
133167
67018
194109
59609
19498
139606
146579
76427
87090
120309
162300
56444
87601
96372
102909
104398
46021
156642
24732
52908
59280
164691
34627
159317
53870
118110
55902
31819
90172
11308
89679
175782
143112
52357
177219
104813
18203
182309
3862
94246
105250
35213
131491
140530
32294
145852
45864
27257
196038
54161
146035
58237
196689
83499
167961
119198
198820
187849
80458
42813
185558
45680
142039
5999
109742
168673
180480
69653
197206
175812
53957
114279
27925
90462
170249
169956
146891
51646
18689
181472
24320
1734
179083
158722
122341
28697
28996
119816
9572
57022
147765
160926
143864
191835
76827
36548
87635
107742
81647
2267
96507
117402
55034
176868
62134
4440
65659
43516
63596
37676
74747
142521
124415
23349
25095
38753
39564
129402
27969
128178
154565
13971
189349
135524
140244
30233
13309
47548
32218
161650
175131
131321
79396
49220
179440
56394
56061
40964
146073
75104
126819
17642
21794
126590
192497
159376
40366
127107
116486
104607
150562
40767
34332
176685
17145
186361
125792
102083
19349
43404
105820
920
63982
35969
144908
160873
181929
28426
2292
44452
14521
76392
120453
68795
130398
85526
186094
79004
197885
60042
154878
199364
48226
58684
61219
142633
48955
8737
127607
139721
101780
175080
214
93066
13543
20899
89133
188473
111804
42712
58635
123225
197535
183550
149400
115311
18395
130536
42914
49489
167828
171108
143964
196525
102019
194473
113168
190927
173699
173113
186354
121767
104364
85297
144842
64888
72116
8920
26683
137958
31988
68554
23756
130959
168403
5379
35090
132622
89708
84382
81347
185552
163
52057
163408
176588
12560
134067
53179
124905
160543
86282
183186
31160
60102
108165
145682
191689
167167
113156
59289
97984
166602
35107
152477
178786
156065
100073
115220
45223
195226
165864
57990
127626
16139
146966
184031
13507
22262
116802
25119
49979
28700
144816
152755
93176
99951
34485
156349
14762
116595
87332
120215
109684
91784
109278
55426
170160
54486
15448
196913
102125
65061
124853
193807
8720
89736
171991
56180
124479
56477
127173
139417
55107
165904
167061
188574
198084
82880
166109
48057
103587
34143
115778
81191
15164
104609
4403
135541
164364
178764
179099
88462
176047
182524
102206
187027
86080
7219
39853
169429
126698
135811
38579
59227
30667
46156
42050
106954
119307
60604
145519
161156
109075
157687
139365
103914
1087
80829
174030
175829
167688
117446
83106
9997
11569
57863
148321
104072
127585
173060
5911
161756
22500
7491
120757
29521
90800
180977
127711
189872
90598
99349
61524
41854
128103
96828
80777
46090
98057
179103
21288
48488
153784
118720
69236
1137
141509
123422
42128
3078
184147
47300
28158
185115
120753
65695
191834
41522
189432
11492
177901
197271
168287
70407
54831
79390
103786
155747
27309
183341
188557
22253
27003
158330
160163
183080
52536
96055
156026
4659
93650
141892
65461
184344
72544
153083
183171
102448
44492
3648
87020
104718
134361
198579
189245
27653
40141
8382
192912
165782
11042
136363
2798
134453
106269
149571
183220
85716
44197
98789
93958
13096
88347
120690
106739
16922
191255
109925
154790
39498
88960
70862
66363
8742
109969
132418
185397
93357
166561
181576
59769
12125
68035
159970
2329
62496
17552
43550
60373
65959
183644
147249
101655
58989
161807
76053
174824
164957
125743
75038
173808
54571
74876
174958
58678
199581
44027
187296
140807
91799
186542
63611
103529
73915
137345
135441
38527
68667
9601
90859
154154
61058
161635
1287
173491
144933
19655
113888
166724
134721
14687
162326
91118
113536
135442
90094
148711
45867
131303
175099
91241
154898
178478
23829
4220
16962
6166
138647
161381
169511
123066
162735
76257
19732
132552
155749
188989
12856
54718
34960
117012
97685
97621
104255
183388
6697
194469
117996
118692
19031
58600
102854
37638
165714
7605
10174
108708
146847
133614
136679
33274
71436
59964
1730
51278
117876
41565
41338
9272
100710
65328
73719
34992
161083
168693
53449
1731
46896
68975
62219
85408
12076
135339
90989
158567
145560
138174
31622
147395
118660
150466
82827
124019
115402
7299
59532
125514
65053
132494
58940
138337
112633
155251
49507
59349
170227
138045
93337
74614
172730
100066
72961
148533
10539
146950
141743
66092
165127
174095
171887
119555
162228
138183
123064
143189
38484
181540
138975
61675
73582
50293
183388
3324
171912
95103
11709
129054
37076
77078
91114
142844
49440
84496
65314
163918
70282
129405
82677
103886
2142
115544
16206
26754
41455
66054
174065
152240
83811
7769
153920
7027
148592
60714
113871
8976
151139
129380
91886
20276
21703
193085
66811
199127
98630
116213
51596
120596
148476
62774
25547
65547
128390
60469
177357
125455
127177
3253
193458
95131
115365
52504
100220
138929
134956
175924
165030
193085
130010
138150
28895
55180
74734
143756
148652
9596
171310
67982
43841
75809
158027
194113
110748
145040
197994
126235
130757
102714
155856
7780
45192
35104
166437
50577
137493
19953
61788
154378
151218
157921
166815
86837
37002
91958
13120
43431
26698
68397
196659
117566
177533
104179
109701
189012
199007
43168
11996
186118
103710
150348
108423
130429
172549
33741
49050
162625
181692
27824
97733
26840
56273
86591
190794
13533
188639
17236
37987
109022
100585
68272
194276
125217
69165
62259
29789
107665
57040
99130
20834
110422
104818
79069
188158
83347
166825
96478
104972
109285
176947
186041
49499
148998
160833
29812
174573
45911
79969
62563
8813
51613
68576
22147
47318
38880
47650
63958
188920
196107
31904
10690
167291
3964
94553
175958
179168
26258
33784
159506
91012
101935
101458
137232
103114
163504
162168
33161
108911
120539
8576
104984
114296
191362
180145
173930
67517
35871
180453
195323
175298
115672
75740
97840
102352
53338
169226
44866
133167
113514
138945
66828
180034
128593
29779
64804
128372
91527
11202
38317
177229
134625
183475
164052
134537
175057
61152
3695
98786
195348
113560
33271
66150
1125
118447
57906
140787
78499
191231
77063
167762
15907
28353
41171
13897
47929
124372
22380
2406
12791
6716
136750
183886
39648
149236
63925
193174
35336
161667
97421
170988
87217
117449
77792
33227
189735
153696
171389
188849
161831
73259
87883
4671
35121
51970
26706
80915
101793
100969
127319
51297
10633
13132
40160
121773
66285
110832
114711
192053
3370
124598
57800
80965
169329
190391
59989
113412
96205
135020
104682
7988
46784
51064
174497
154020
138915
105710
169053
190448
32448
148901
116134
156594
78227
172818
199882
158289
147053
113805
81293
160243
26317
33287
173936
20193
19650
150656
111933
103017
57307
48880
36247
32722
115260
81792
118255
32266
51984
62323
9252
112258
101318
179368
143789
144728
62726
15532
18173
63947
135957
28461
80435
134997
73107
138382
74005
151697
97139
62058
138185
141994
184256
66858
145133
120366
118951
71941
92604
141822
101920
31146
7521
14993
16363
129797
11116
180636
82989
153922
16530
86156
41948
57488
5724
111813
125485
43194
122127
17270
86397
140028
121455
92428
159166
114544
44772
80205
170954
47871
83358
97796
151808
138848
75799
60495
35174
69397
118300
198674
110003
92495
139466
83807
22242
139674
102780
159024
172145
121173
162541
51498
119899
47539
72974
21544
90967
173961
199045
191044
104231
3180
12138
41894
3598
137432
56639
196592
66612
192560
136940
188362
154847
168740
93481
109759
107315
197098
15374
13624
109991
82578
82335
8771
63320
17659
170657
166532
175014
99401
35724
145163
118462
138901
132251
175368
132466
70188
83822
91116
133662
119834
169071
85093
197362
90127
80689
97543
132899
45612
99337
140475
199364
191181
146018
84610
28171
53000
13044
33304
118169
161615
174576
27265
39788
192793
147858
16364
67212
110320
10220
44270
183586
49737
187467
64001
32879
49912
181023
108173
135567
66791
74712
194700
129769
69898
83947
91974
184855
82110
99879
1289
30959
114424
89482
8431
61615
22744
9526
1186
159125
23057
84719
81192
6343
124423
93810
191274
67082
79877
10833
198506
62235
87585
150704
196941
114519
184837
25427
144157
20153
47261
77691
168039
182239
90869
173326
13487
53238
63436
109373
185827
21037
135871
86074
64171
80138
3333
136866
29779
178069
75555
27792
171598
157008
19474
164809
23007
59093
32708
132447
161399
33858
174641
140433
110064
96774
154630
141304
23073
109856
93072
174670
110875
72975
4750
111313
92740
40146
83177
49035
69767
109864
167444
162727
95206
34795
122142
46175
188240
101113
69951
157603
7637
156994
27417
140741
96532
57513
122317
12501
192079
62464
20783
55421
34814
66478
105995
89135
24480
120732
26065
53846
185325
68225
52984
124939
74827
112828
175050
41644
106479
97265
163300
15082
176695
41189
102748
122135
64650
18781
52738
87125
141925
4980
58885
190056
655
181751
20350
145130
93944
14691
117700
184190
173983
150291
103273
57046
120237
180210
193599
86592
35457
161819
65734
65008
149200
47018
25333
99413
148429
11050
39601
192342
196662
55815
142505
5527
16001
78983
75642
69282
187299
184404
62702
11007
173655
28731
69743
25155
65850
183394
32142
158566
2070
126404
77495
160490
32178
66011
107559
36388
132503
160063
3731
160423
188268
77699
160502
42277
47208
38314
46938
91437
45288
99175
87256
103723
49629
128262
75754
116203
109746
5337
88396
23800
171322
169110
177817
73788
7466
110804
19037
83305
167596
143358
18684
94973
170602
163366
182926
83661
189520
179753
165144
117595
60933
150914
67747
123459
864
28547
197285
81926
107263
99338
97965
129609
98130
52682
99989
4179
172668
191704
71885
143048
154661
101252
70150
133803
122346
40527
10908
2728
136148
124745
59469
132581
115220
69529
43984
43775
39751
51088
199649
60072
96252
7928
149737
172324
54700
133500
187281
40357
191539
43885
6441
32368
183870
195851
192511
97714
168569
108639
41702
128240
31580
129861
197809
135270
198783
123249
92842
114862
144751
45388
195329
161382
83016
69107
35046
71690
95374
193350
50939
183683
62749
51793
151740
170486
86693
32680
74516
90366
180380
110744
58291
183458
49630
25622
17299
44362
78842
113965
78183
19928
45294
159016
145713
111138
13901
28405
28367
22394
92632
19749
140964
77583
99717
62173
125660
72253
134247
30362
134768
33869
157672
175612
159155
46923
100635
80705
139257
187784
43443
75492
121550
80582
22535
29040
191937
36954
138348
117093
186445
36074
145779
3777
141054
111366
194527
28487
127036
13329
10708
72126
172082
73580
102843
156676
144942
53906
197915
8939
79441
180178
52345
63607
58982
82280
109130
114362
59174
31425
124057
179940
90414
4303
160205
150352
92008
160196
157319
61231
77282
96849
155137
16676
178266
134298
39152
61994
186734
128888
45780
74260
185093
119200
58635
124666
76034
155972
44873
93804
36027
41120
145479
197319
116243
51677
141755
198914
117282
191309
56105
130756
67615
84635
129712
138385
108014
138137
186354
83641
12970
36078
110572
38621
166488
115376
72043
192001
44182
84978
181080
83550
16969
164961
35380
92403
11512
174438
14049
84550
29075
46115
110048
172290
157740
72706
155883
171554
93085
174173
7827
100282
83521
111391
122709
115393
155005
46717
100483
184285
48293
32970
66430
27353
182865
199500
168851
17704
75257
105525
92478
69132
37035
39609
82788
41095
30448
98346
154837
69245
19824
52793
83232
122964
86059
7572
99932
113292
101015
152448
32019
7346
199267
112085
101994
185288
131971
162023
61874
139784
74425
108946
123954
85786
82093
151018
131614
4595
151610
184852
193141
30916
11810
160771
131555
77696
186621
149643
73872
167892
116743
79254
174769
5050
170394
123931
