10000
145354
65594
70052
174415
86661
163258
40330
51615
68540
186422
97430
185854
176171
95431
57247
174379
131647
4753
18674
188909
116859
105502
66562
172053
177567
136814
167521
79294
149719
75487
57419
15809
120848
181214
6189
67815
26098
166965
78330
180734
150425
180396
171732
104989
162055
85450
25792
62338
199261
195145
90574
168218
49782
170790
185897
187491
91990
86364
192904
99697
187781
138700
185875
159032
111466
54327
121188
85413
135845
33712
188628
182867
76831
138556
90741
71940
151543
84768
58720
16732
162110
67638
60358
163459
24982
1045
41109
103476
44659
86459
42285
188367
75904
50949
26313
84024
149684
134982
150072
166784
35248
5422
187009
187278
178800
181552
142290
167436
26681
153934
33068
66740
53283
187109
186118
134122
50181
35924
150949
196030
41439
67411
131738
192420
22753
188879
85778
188837
192717
3257
178534
100624
37811
68739
174001
89287
171140
164889
176114
58784
85298
18734
150852
176056
172230
80686
153738
184754
113539
192185
33174
167257
8497
57231
72987
116079
105070
89413
50162
2017
149476
51791
22746
71989
112446
170487
90451
47753
87026
129476
106834
39762
11930
187590
140674
196071
177725
128004
162403
196457
2996
68188
77002
162968
184349
171044
3640
95643
109182
102848
70616
36929
25499
137693
2086
132084
161025
80703
186329
194788
120444
158654
92349
164401
184735
17540
49975
25998
149236
185318
101940
174927
58207
78664
63256
153188
22590
129317
45712
60557
172656
168151
48931
174667
12560
7554
135814
108687
187748
159908
31118
171712
111377
64970
8541
121832
20614
170455
39206
139832
45293
144200
151766
34293
81978
28616
2925
103099
60894
179297
81355
23367
58491
130352
140071
70019
42362
52935
51464
90716
51890
51595
194099
190049
27158
17479
150129
26056
145518
107514
41799
158265
25647
138025
163202
65116
19241
170609
43148
166966
108422
145419
198160
153618
128404
44550
22824
24706
35970
178427
512
137048
94348
127706
117585
38184
33028
93676
81923
172806
64454
185075
143037
95872
27265
6026
113650
88556
92480
194751
169177
184486
123119
99279
168981
90694
57858
36041
190684
2779
83201
185127
168030
174256
184086
46882
118773
27597
109482
156124
110850
95956
43489
195311
138628
17808
36963
162758
81699
171665
140632
85401
177667
88693
157409
134438
174892
150484
43525
131152
89359
123284
44884
163828
37351
17445
74042
44551
181645
21334
148930
142542
109042
160272
70429
8969
109581
87298
158812
125947
51891
16174
1260
148698
15842
126547
170480
25246
58422
58371
71219
198747
183054
67207
89866
170285
2546
140605
98014
135140
84563
58686
11823
18509
189864
175604
141460
186023
102510
69867
15083
177191
108975
145016
152574
182586
171405
115726
127858
106015
75166
140843
177721
131316
167459
116343
188136
177408
54147
18043
17463
69000
78570
6327
10107
64819
34886
32020
177743
54560
43927
52811
20375
118335
2594
75652
120982
134730
188621
152488
132109
179854
190744
4395
55668
194861
1080
132158
160882
16270
14333
169764
183872
6757
43345
1617
101431
75587
138613
91006
119566
145796
87408
137980
158191
141922
96744
30348
162646
13665
174972
31080
156679
75605
81998
161504
185850
126922
25884
99709
63971
179575
182261
180158
12612
29304
145308
43039
98069
156682
9269
118159
155285
155980
38063
79514
69739
187802
62286
179961
159652
78602
62597
99072
194599
130136
11563
9730
108165
106612
81239
40804
75567
110034
116162
90934
183511
16036
195434
79855
163538
65856
68544
120324
113062
104225
73507
133374
20031
74079
156508
4273
131765
85493
171049
85598
24528
185551
182855
153870
125790
48572
1803
34728
5014
109361
49864
130315
125562
141395
55988
140726
7082
54535
86173
174844
172223
32423
197651
164761
9790
31436
178080
149667
34497
163234
196459
113103
63021
113664
132915
108111
132561
91542
160414
36420
110590
46174
167278
130634
182250
50026
157856
172816
113624
74712
157248
118754
33797
144754
138416
52134
44614
68819
36330
75513
189329
15076
78284
194213
123073
33158
72617
74610
193240
39153
20235
111124
192959
161761
57484
194215
175514
136534
77129
107043
51535
56576
113045
69687
69334
74696
52679
125956
65107
84805
175081
72377
63720
722
168259
55967
87251
20597
143345
120504
152463
86753
54499
27369
67105
135729
17290
117850
10593
50055
62587
67003
170738
94701
73341
66804
21417
173435
139222
18600
167309
24912
177880
109245
59138
176510
69410
84764
189957
103419
15889
122638
7886
18169
74715
145723
165980
6198
22526
130339
139575
86531
186491
110313
139087
152422
53641
18469
108625
131040
40460
67862
73208
103833
39960
48136
131724
101199
88188
3050
86226
125741
65979
188040
9103
127404
124795
129853
140725
124425
137403
61329
118107
194337
111453
160651
115188
83717
188760
198791
901
29927
182590
66328
19893
107516
121058
187778
119344
116056
197986
9809
191055
114013
158627
22708
136218
179542
42188
17585
195338
72985
122058
85626
190662
170448
171370
7770
133595
31567
176648
25247
60187
90401
170865
10580
113429
10339
103648
145372
124010
168065
87381
61297
131460
178470
110302
146249
48607
99921
158706
8684
75011
21934
163115
173682
97592
70416
102718
113391
71252
187074
66215
124723
56127
52684
159204
136896
29836
4299
117744
199784
128106
100555
25122
60418
71576
179434
184550
187142
162302
114285
101975
64774
194705
158191
184353
85685
191067
120078
91973
177595
196559
45144
110322
20101
34791
140543
26569
69887
11346
199509
155129
48327
125836
139007
57890
87136
32192
96062
52060
132610
20764
161591
185334
163115
67984
36065
180929
192988
38019
156339
29837
30671
159052
33989
35894
32590
6560
28832
178037
164205
170138
193774
192322
189816
21489
23922
172187
175671
82583
63375
157439
68545
56348
2014
96327
140929
167284
87861
40950
85823
140103
135730
130243
21690
33502
130750
101778
77339
115014
21160
125871
173227
43997
104030
63323
126646
17565
150850
140934
80043
136034
183532
96121
13408
46909
7689
106825
18595
26534
85411
98924
130734
154795
71929
59024
196194
172443
179922
75890
115926
163384
63243
96118
191675
158675
173380
54256
171861
52122
126641
197702
195100
44648
12679
139776
193884
190336
66050
109418
136632
4164
58424
8055
148310
45074
99788
49336
72146
137104
147552
193903
16749
58193
174003
192915
45374
167522
96012
82560
103028
110681
56729
89066
128727
171748
167281
174128
101614
116163
53457
160137
154133
11330
167775
28516
13440
93739
50768
197255
97185
171775
21550
82815
75255
12
101608
176443
164351
130979
30491
195899
78946
160224
186690
38796
29658
198840
149314
155821
156845
119988
48046
39146
139598
108094
137869
95812
182584
168198
120444
61169
139151
157403
144757
107988
153820
111414
80383
33749
102339
191699
12221
85819
58047
185264
104962
165224
1691
174900
93701
86616
103757
199953
134443
189923
114785
28686
37011
50778
190920
185050
12046
111434
123982
144449
19306
57471
191746
155097
11493
149215
66539
105483
22454
125426
82425
53868
84741
32934
168243
34920
92595
102565
85423
97690
101399
142660
391
12178
57036
74956
78184
166126
93993
106244
6485
23562
192155
134898
34288
32624
190926
162459
102310
181006
57570
105201
20525
62987
108212
12905
153961
146643
196500
79996
175969
44306
86987
77043
16299
86197
114225
19935
106844
128072
5050
100148
16377
30576
163228
89914
190861
160690
74507
172822
142472
3023
52205
106480
42135
89374
168653
154473
171584
163677
164679
29551
160784
68201
168016
22828
94552
172800
48403
19443
145142
175881
158075
105475
92219
26634
111715
149439
195898
48917
137862
110238
39246
179371
139754
18582
115667
131599
106801
199043
109076
12803
118259
189086
177950
27037
64384
148211
169579
103751
70764
81831
155966
199317
105751
95551
100956
104719
65628
55427
147798
23048
74625
130472
171298
140891
56165
99001
175683
103882
22133
53517
22937
184709
42889
141034
175315
132989
172629
113832
37254
118175
188308
173616
95193
93488
168197
131152
51499
191340
4562
28556
68217
125982
16808
82273
2957
12027
44910
142203
165655
6888
195201
140207
169642
141293
70038
154684
93045
66203
75756
34207
83178
187717
98515
56228
142827
122566
145274
186532
182190
79698
15185
7007
15567
97683
6074
44288
33465
115290
188406
116947
173867
3041
196539
144454
109271
21061
13186
48892
93928
47996
140517
122464
122406
79240
133330
136910
150932
132633
184639
66591
62763
112582
181378
178189
81554
14956
56846
141721
118514
113879
163267
99512
36666
168038
108092
92791
150583
101833
180411
132948
180655
121257
61987
55
90429
162974
68215
124919
81318
119684
25784
183169
135648
181903
108594
41933
24788
123143
69110
13292
160656
53515
14442
24597
127336
39512
121786
3086
129456
36913
70308
52117
187593
144814
34211
162880
113122
93218
2168
91159
126984
150109
72160
33510
59141
141041
100963
191797
132554
91207
75933
137
85301
176297
76762
128780
85867
81699
20087
78428
146889
105009
122631
158376
188149
104421
126342
139219
23775
90747
116442
150257
178122
41977
62130
460
155321
2920
159007
24638
87974
14806
186048
114369
79127
86477
158917
129095
192770
85884
48672
12986
48929
76372
93688
78322
31331
169694
166246
42703
156809
78595
76532
64336
63062
164409
187789
101567
149355
162554
76522
180114
95465
132129
110977
169608
58278
3926
165291
93195
194624
156623
82158
6604
133347
132448
174859
26806
160250
10958
27852
131887
21025
34834
20839
68363
14460
1919
85875
86239
30274
76583
107150
56572
64552
168730
11453
87633
153360
8392
64128
130560
118299
199712
102118
94555
44276
42959
103701
595
63715
125200
185332
103504
111298
9884
23657
52039
89409
119737
32205
114930
122796
172247
18751
40692
92733
180361
128568
101154
35216
194441
4913
93280
103537
12894
134633
58181
92367
188495
196689
171370
155423
83320
164203
24079
124413
17880
44711
1675
96973
39103
152391
92490
192885
90875
47020
117329
133214
164827
72666
189498
43847
67381
30928
130916
51058
134963
80881
54196
154045
82893
42344
25114
5618
83594
144082
127197
167282
159965
167161
93325
16293
128274
83152
104526
84547
107594
68159
138835
68371
65499
145021
54489
124977
166005
81371
51484
152819
86665
76404
82879
138022
47330
93542
38429
180645
122008
43689
12962
199480
132572
61536
107426
41312
25227
111014
156086
44999
2362
54415
72950
88979
52874
74785
129592
29826
65334
35348
102668
58999
69459
175633
20233
57980
49417
112480
148516
172521
76107
76731
188148
34317
10915
152929
15794
64879
167913
5119
162366
113706
218
71581
86816
19474
108763
179528
28695
41794
65179
109795
109937
25945
142654
82559
89150
60920
139793
131974
30242
120015
114839
77187
161813
6984
140899
8215
33154
106297
60734
192977
150073
146432
186559
193058
24495
44318
106950
60012
2277
7332
195387
58688
8912
29
12028
8394
74420
141905
144095
86483
96987
185131
119744
173178
167376
178092
73651
45208
102787
195015
35520
139437
182737
126030
30536
43805
68421
168082
64725
32801
18805
158002
183448
154171
44199
5044
17287
167211
148738
135292
17072
189256
65955
688
80539
170914
114021
141278
20583
121244
56485
165605
185515
36458
187243
30083
37623
155974
190307
102071
124527
100039
18091
92970
153628
46696
166617
167398
148662
143931
121425
88396
25995
168257
36531
51337
138388
157804
187069
72581
1286
99535
84813
64156
195051
57323
59404
5175
105537
181867
45377
79150
106478
2184
165311
49901
9891
3439
142819
161967
169187
162275
45555
22217
139106
145202
119327
29492
70974
89477
162511
142795
58236
158700
139029
164096
179881
79339
172962
161159
20330
139743
21931
18596
158701
6194
162852
26443
119202
141095
65689
162566
15850
192950
193757
134059
777
149763
80023
20633
116619
40241
191958
29108
94615
73776
158530
29096
114692
133559
14990
79380
22112
13822
30938
70659
5142
49747
93347
98992
197232
11235
86259
42335
92127
148512
18183
126822
169001
178868
5160
181817
156319
5621
142211
59916
169069
194211
74693
26370
162600
88640
76086
165253
113630
82984
196391
72320
74062
42948
42203
34193
72922
126594
36463
166951
2262
169875
119297
129228
188864
176020
199262
92779
32973
129575
57133
67262
120969
10799
171583
85765
164623
175999
42720
106301
131005
102865
28721
119468
167249
129315
94115
13759
30121
199288
6217
163537
32439
187949
73841
136420
106110
127947
16258
155832
41823
73839
159189
89155
146112
10603
175744
33844
182673
1908
20603
22362
88499
12242
184853
33895
58600
124991
64795
78946
121134
14808
196334
54658
44796
95898
136566
23308
129798
99965
120419
197030
152220
24667
195148
35810
199920
187947
48695
112739
158374
179256
93026
18136
47043
153574
142930
48463
123028
86764
128373
43358
162738
180176
38880
94175
126411
128071
68710
182923
8742
91843
3615
140493
115570
147403
52330
131621
55733
193175
160439
73175
110481
180806
97866
42786
162943
68775
106921
10980
51448
117855
107334
170445
163075
168830
163490
31490
79944
173932
188200
159123
44938
47338
194843
115674
165614
23669
22801
196817
172701
23492
122805
110576
169913
190391
117009
63358
40481
150553
178040
142040
39703
80818
84695
125795
135978
155388
89520
133190
198021
22427
36299
37446
118992
108501
174265
138218
12698
71790
62360
43306
175011
4213
117781
148327
125655
59569
29173
84753
61376
114833
114910
106381
138896
100627
194949
173073
131508
107723
86977
197829
87432
10708
142597
14670
120684
24381
68959
193788
18892
172413
43637
143673
177947
116407
105081
198088
186516
42462
168125
182839
193144
16074
147863
89776
4533
43069
124283
13565
12449
114474
172991
65692
30388
49695
170048
177369
16680
154087
17533
182413
176645
170270
21868
10053
93567
74858
105654
26639
65767
100229
119968
84735
65973
95408
124869
174651
6780
185729
79120
113439
197991
62845
4500
56439
42095
174049
7251
121627
199371
20188
129297
19754
186059
48811
199425
167746
77029
68338
197018
114568
174971
173294
80455
52952
88937
187760
176257
120369
33257
32431
123700
109668
36312
151795
190195
114650
155184
67911
178029
68727
135853
114402
71352
2148
196050
123521
79939
61970
23218
64087
64666
47230
31668
134351
182188
64213
30702
36374
2874
100101
195848
171710
176891
164921
179705
12747
39785
44592
11959
120417
37243
90417
1436
196112
117855
42928
162695
82648
26087
165044
1149
160563
53599
68516
111707
714
80602
122532
106661
168639
139845
189525
96265
36028
184768
6522
93269
132341
189679
31449
142123
15065
18602
152249
148679
27620
89538
95153
84498
54078
149303
63463
42888
196534
59437
31510
28243
69191
121828
125494
116031
50974
134536
111742
76995
47942
105585
199074
5522
142919
38721
160063
42536
96036
34511
183816
124983
122729
112943
36465
135931
111834
66885
136409
12001
42372
57667
163780
83664
124391
105071
116909
148086
21374
59276
158368
198744
193034
166996
87358
189305
65096
176651
104963
103447
146846
103298
146687
181807
103390
176773
170160
192044
51824
86196
182235
3535
68175
52430
172437
33173
93229
107871
138231
22610
152986
174567
170460
142463
56059
148014
90246
187371
131747
100214
72883
166057
158171
84836
111863
27742
37768
198104
110120
35510
148791
39667
59049
44094
178801
78090
83302
6773
37287
116957
61512
69929
32658
58467
111295
94316
26367
109710
131998
111120
12296
15220
36281
15559
40229
94568
177160
59118
119381
102595
27517
137816
57589
184000
90992
84224
44197
92434
12009
170783
198759
105199
174246
110973
24228
166545
100835
126232
29630
161228
109619
44061
197149
96145
50866
165706
195956
1500
105277
86017
29485
143411
48590
177722
45048
104368
32809
171467
28235
138913
13137
56525
184785
114618
17539
91015
156868
79689
111922
76912
150465
89876
130789
127094
11195
42377
172124
175958
192580
58135
64111
66306
71715
153452
164552
163342
176381
122484
68410
123127
76616
135853
82449
152189
173544
88372
162580
175660
33469
119430
155286
161889
14838
194997
74757
25557
188003
16903
57217
77577
27689
34880
57441
68097
177194
168059
64653
104686
65020
14127
74543
137978
105034
173351
69451
118379
55171
86659
64764
95033
79571
127795
138538
97245
131001
35243
37036
26618
58250
6801
27449
47889
61509
172654
66118
72393
112667
78617
181472
123983
35067
92377
49970
62566
62669
65733
133782
80864
57908
198794
86419
7425
46935
181287
38838
6973
191506
18646
49259
43503
178228
33095
152399
10798
42133
118979
135097
86101
36277
143365
41560
34756
50979
3061
129866
188058
131046
171024
43136
182609
81144
10384
54027
76641
113074
53160
89002
195214
134052
70073
57401
397
118196
85295
100533
162601
60321
153965
42397
133312
2265
70769
98276
184106
13301
26044
125851
87435
193007
132477
191772
3950
186043
95939
123812
6942
86310
189006
112776
117340
25122
1010
24039
127565
147134
32608
178945
158439
91964
140194
56605
88667
17900
132905
188990
25676
45286
102972
7565
37973
152908
52305
47779
81074
180690
145162
39528
38464
153602
91811
114359
147720
117178
117384
171572
71061
13890
65783
83509
97079
160546
1016
30405
184570
98204
44999
144345
73245
52945
70165
74467
163698
69431
143556
152864
87224
74854
116164
77119
132704
114334
196456
1297
215
5833
88922
190790
49040
169894
64434
157821
50921
37659
177110
119639
47509
121919
99605
59889
73414
195194
4271
45489
137852
140749
184108
38805
133840
22462
170148
64134
170887
112707
115245
135415
157848
2996
84332
42095
167281
153719
118209
11616
23890
96062
63090
65906
60045
42388
28644
87072
179724
150774
78976
3064
25961
33596
72731
72356
15109
195654
171512
25508
24595
17423
6928
81546
118576
184753
3198
63383
45951
153288
38832
186888
158863
125420
26447
151287
164367
60682
137695
188286
184237
21431
87340
128140
172667
13767
22195
92702
69363
189210
40679
39529
86580
54039
17402
175275
190545
24330
28579
121694
179416
85997
129037
78041
87999
141910
142636
5148
157055
152673
115066
112236
199468
71291
73114
169715
122292
21636
127954
138077
52755
112392
118655
182257
139587
39901
107111
50935
72764
20949
165406
177732
118104
70041
122101
79007
111672
127159
59259
135203
110395
130783
171434
198238
182360
113087
191748
123725
129749
26342
99274
116901
130931
188001
31434
170514
11146
168496
77072
44956
109665
197093
14957
67247
73786
180206
48144
34105
91961
160475
184204
30279
143058
170855
106240
164874
110113
187116
119275
42599
122146
301
121415
77091
197619
116499
37476
156258
51769
166422
181799
135680
197082
34906
130461
94221
80593
179307
169650
147392
109011
70662
60626
81930
159937
31743
168577
194516
54396
9095
86622
45662
177639
1671
58439
154341
170008
146603
6516
158923
22442
123982
72067
34106
176684
41495
186333
70470
40192
84824
87662
83635
69405
54938
98468
114265
109087
197601
51278
79457
41002
31984
164616
195102
77536
112624
86867
15591
4006
33862
84846
24568
79762
70453
143780
2494
105579
59669
62980
34770
177039
184162
81392
150412
125014
148821
61667
37989
79073
66491
121916
52037
97541
5260
63558
82953
150543
57030
165559
127449
152529
60472
153890
72677
16652
76797
100144
180279
139967
31484
18463
197133
59102
125187
31334
46063
185625
40322
122705
190579
149998
64595
137062
92510
177662
70110
178710
181791
165209
109266
116297
45902
46016
149842
27794
164796
174503
19206
46689
50157
116037
65991
34675
83272
198949
124181
180291
90146
169011
138353
31379
172591
197055
33168
172459
155307
195800
3986
104712
49824
60678
157357
151341
5296
162447
116090
95149
170267
42582
60309
102781
16904
95392
58821
60556
94353
138689
109583
112817
109238
87350
135642
27127
7726
192982
47390
16464
37593
189388
26789
174417
123228
124876
16714
169935
68508
180462
57356
159069
42474
133599
74909
148052
143775
47103
178014
91298
146001
57217
131851
159347
72001
77415
26737
188849
94268
44289
164403
651
3581
114976
34048
81514
119916
168505
45268
113362
159213
80208
52577
172992
55445
99321
118080
187595
189603
142563
190972
90870
73473
105924
170719
54227
49080
149798
64820
52402
173349
121632
169635
131373
177238
163224
82051
164528
188874
129913
102325
27745
117935
100557
113837
99031
158896
191763
91558
55324
191645
87817
36422
197400
182732
69466
130594
115191
129729
134708
199832
90772
43432
82972
47488
100560
53916
112001
149511
152860
134223
148850
77981
183842
65143
178014
47864
67178
189683
20682
188931
63104
185085
128260
93860
101487
174354
14400
117158
176985
162433
50260
34989
197419
78671
8318
10324
81444
146242
43531
148466
160455
24322
159498
195942
159226
119943
175523
67025
183432
187320
34662
196296
75064
82356
155635
55825
60552
46125
157145
31491
153928
58834
162016
140870
81611
51893
80515
111921
65640
87233
50350
153422
180752
15574
20867
20099
61328
13929
120184
22231
80573
76464
182015
158223
86716
151658
104729
33573
49421
16916
83193
58990
184665
119765
71543
159049
148245
92944
71196
190040
20396
24956
168651
188303
71163
105353
95064
139297
176627
180881
121262
133033
145257
74551
189607
10534
120125
52881
82930
94721
199824
155612
105405
84716
47209
20451
80677
168761
103481
31757
5058
142608
112132
177908
197455
123937
193271
100615
86010
148979
104847
130059
179635
96918
107413
80687
42087
168173
86958
101627
77491
183272
146413
20693
22319
44511
131613
154661
30339
1294
18436
172393
183086
25987
136055
52996
84511
198541
34974
3685
154290
40130
44378
25804
169187
11554
4478
154576
128896
7497
28950
176455
29173
12252
156551
12383
179091
77983
4733
50233
99252
66077
122968
66568
145298
76957
31911
188341
142016
50863
13661
78388
66550
175253
80493
150081
35138
113183
194255
152304
36596
195210
154795
194952
144630
187860
167941
81317
52821
155850
146180
9904
135232
11370
66810
49774
40816
112421
9201
69019
52536
183747
104226
88563
95733
117272
29056
109090
105160
52544
14061
65719
79992
128448
62657
167716
153190
151049
169728
35135
161852
194359
48924
146237
159074
19663
101782
27187
15630
14291
101588
16952
28028
137615
102001
158724
99861
16155
22391
169111
83164
163371
190056
1630
25550
178569
188469
112104
57540
92265
187296
183027
50698
169173
64000
129690
6679
119434
145707
42430
128872
159597
143611
88467
153157
111200
94877
43224
146033
112803
142314
139824
47102
109282
665
11954
138972
145077
144690
75839
146978
4865
105244
173555
123906
19376
29927
180062
138229
197595
102114
63487
121062
133670
18524
151649
14285
36035
33310
125661
54226
109653
83061
136736
43495
92046
93982
182524
36697
199077
47088
27784
139237
25911
124802
32498
76680
72030
85620
101785
31966
81621
170629
116071
176190
48493
178179
64671
623
61521
91024
92563
77283
64212
34725
30376
25472
4887
119629
65184
35245
49729
141812
103979
139836
53646
115543
28364
92413
59745
61685
28857
128208
105729
153601
102046
15825
96626
127802
1917
33761
83281
60330
22638
160203
102786
145291
14672
178430
176688
156724
33686
188268
55313
113455
172821
134136
169109
111688
129150
180715
176437
64882
98263
40598
113789
38023
168603
46504
87031
32920
51306
98841
63978
127618
82805
153018
51719
167360
19692
151201
44806
186272
96919
8973
100729
116324
88742
60921
81576
44577
70198
33216
108962
103347
38722
42309
21159
5355
18833
134239
131989
29934
60426
54907
196943
64711
16989
72988
161220
62884
34919
125160
82654
64321
164518
8080
9265
48936
26733
119865
61054
4730
82395
178592
79697
93547
160874
183745
16462
51158
83251
73972
23717
64026
53869
31115
133951
122484
68403
21266
151889
77754
67178
36157
144876
18994
167085
17764
22439
31039
146242
15681
29931
41311
159675
152696
184481
196515
120977
119006
31522
151534
129883
166125
136278
59117
116599
195265
8623
132438
59537
198115
184160
139124
177856
34283
30178
127269
64338
47948
155132
33818
23401
105678
153192
98979
179708
156612
23236
26872
29484
166322
70181
18719
171514
48443
40218
80115
143601
129792
183247
163492
79726
157650
26290
162916
95579
38672
166224
35544
84520
22217
28382
49044
103429
158607
191782
54787
61636
91486
162042
142186
54092
66386
11262
28052
45457
88166
85320
128227
113034
102290
101357
183776
71329
184046
4594
15854
126542
171404
51473
173967
52338
20264
116814
178368
60392
109807
36244
173992
80025
21671
124877
28084
184767
131968
145219
63467
18892
199449
146063
166211
137484
164156
27820
15782
180701
171989
193743
33629
77412
24643
97664
69752
73213
22830
75199
86142
112024
166024
91935
130408
186746
187205
25836
105627
198142
168680
165443
77477
71642
92051
146056
158352
195221
37186
84044
131138
69319
176035
33410
54868
4737
46425
139345
125916
182954
58591
101964
131876
91334
118883
194453
17075
60372
82785
184319
157552
191539
99542
134044
131768
54813
175126
88470
129692
98345
173868
27367
24911
90194
113596
21536
170441
187219
146269
129585
183269
33426
155541
164065
108837
39648
53282
72055
130509
116538
47379
96546
103004
153919
174530
76167
120849
814
134013
103067
76394
67491
24040
73513
46714
133629
178873
33258
175523
21819
25917
85884
51195
133540
153035
19545
185240
198493
169175
82744
8824
159976
95660
71269
180214
19191
140239
13358
22115
136026
137651
55025
138080
68793
40220
147673
138001
125567
106783
76086
68961
121026
3868
131571
33888
67948
152837
31699
68147
182520
136617
38288
132091
132916
98800
4692
69344
198685
154361
141425
147725
72130
184070
142583
32591
170163
89675
51286
110157
95407
68240
145248
66522
80526
92877
19639
184477
60784
13945
41739
59313
49486
86639
47342
132624
75272
142550
168705
153975
132365
34082
133197
35645
90080
196218
104140
41236
86119
77391
185382
148295
72317
129419
170026
48885
29632
147082
166214
161453
140783
51525
23820
152868
195941
79747
17847
49883
137290
65554
68973
41632
58032
36412
64712
17447
158055
915
188753
64506
96176
76108
28769
18245
194362
99188
143392
104850
28340
21711
58443
94260
45341
61557
27282
76484
169627
169643
28288
106346
33370
48394
120468
94024
118912
146135
80930
169033
162799
4724
43375
4341
44093
169609
75018
157640
102572
107649
173819
95084
52124
104015
107463
11415
114711
44835
176283
50024
194236
179431
49234
177263
161297
115491
23361
68483
175347
88410
113232
13623
95229
145629
182395
199875
87945
5702
135423
116463
35786
77857
138515
171116
129219
171619
92798
164359
88199
160659
120945
146542
87532
140943
53751
101934
74504
125568
165099
141863
133272
44460
147711
72507
114086
143738
192306
37597
74620
33653
7097
41457
144590
112517
166470
174288
149706
154647
180050
137843
27042
90647
64553
136133
116348
135727
18617
137996
133609
80079
47252
84913
114550
174553
29952
144896
110834
74268
99455
104206
134455
50932
108793
186106
144075
47158
106091
11251
40568
90873
121279
175596
47047
61867
157347
157427
1143
70636
118593
16234
55805
198309
52930
155372
197167
49932
6086
92543
74716
28413
68565
59446
121254
12163
88310
64029
11695
95822
114780
117716
969
9565
144858
22321
61051
21336
111448
83960
135598
12984
99064
153765
133266
44913
93397
183647
84850
35022
178797
80131
50393
65428
121115
35981
145169
141723
51488
113247
25916
182936
191867
80003
172265
105602
42112
95921
111500
166717
192098
11554
179799
1242
140864
42917
2486
42513
78787
22747
59952
187119
186999
155708
3073
44396
32300
135532
172677
65818
107393
92854
176194
137361
22126
33313
144979
28191
187829
184771
64369
8019
103445
66202
131700
148173
34381
61262
70948
157266
23503
139891
41321
118962
66634
83028
73054
118264
2121
160520
20260
58513
103961
152386
104546
114370
94447
128416
139225
28635
137949
38450
180338
104069
22639
104057
145105
76686
128578
94415
195882
76001
62556
101502
99517
111632
118507
162926
127407
89301
48555
103170
114772
89336
87454
63377
111938
48988
145943
17994
81303
119297
65401
26776
62079
114341
102794
64704
135564
8112
126302
130877
37216
145469
33112
61917
186867
42380
17814
37718
181388
42813
28408
44638
55393
4398
125896
184026
183837
132435
187258
125702
65758
76901
155380
10475
165515
118887
192174
116055
118985
114795
92476
104441
83620
133314
79178
66319
128931
196275
72055
154911
117006
186670
40624
143469
68726
3306
70984
8289
101435
65559
147628
24248
133816
171304
195279
51368
67532
122069
117218
188091
106594
122055
186011
5941
158822
179120
78810
128191
2386
179010
183425
120900
182535
73522
133106
104255
46953
182914
168764
176304
187306
175911
23110
60848
160072
113653
147779
165934
173277
131800
185463
151012
187970
136918
96183
55187
68985
101769
118312
163489
135400
133303
198822
17890
168089
194929
177954
12735
98539
17142
28633
190624
113912
126821
69207
179024
93809
131210
11471
97734
40863
114856
54534
2466
174488
120103
128877
58045
54309
19490
37260
177265
195901
40877
154145
69412
199659
133749
153097
34201
10272
72762
91366
118022
68668
158832
108375
181903
16918
9848
71786
146959
155731
93756
36882
104881
20523
110852
77139
3087
122895
50120
85982
97438
151582
27908
28843
199338
183456
14679
17528
139876
60391
159092
141106
90688
92317
106289
30749
180582
168576
163392
138520
176045
55403
39959
157977
125136
88605
10992
19229
10213
146466
50568
125556
85629
40417
122585
92347
125652
197528
120130
54608
24562
167425
131718
60340
116002
129777
191394
142205
132944
198538
116555
75628
174810
96412
102727
121070
103215
143943
49077
160957
161291
152062
62088
193157
125714
38624
42008
134891
111837
187044
75276
26356
195625
194732
10012
15962
184949
50911
130783
10099
93765
144834
134338
135922
110667
136524
97492
32353
175124
112692
125876
157729
36687
137576
108739
99488
165273
53202
83759
177619
3490
134030
55200
90706
7977
19236
50351
21296
137360
195896
111892
182136
196739
169988
170749
26286
21996
181719
108822
187131
192060
46458
189481
71085
181840
104396
160187
138508
66284
182244
24048
128798
28865
39147
41886
43819
136618
137334
30768
10461
19028
117046
120333
47165
84429
178276
53609
153973
155607
6885
191177
112041
46520
72840
55437
154827
40245
47537
3846
176814
37395
39568
93484
133972
196673
197961
82634
171124
99992
42147
180392
87284
172326
92543
58756
64876
37647
112604
34548
136569
25644
152981
101298
27605
117679
156175
151117
189703
100132
142119
137433
96915
125412
12341
28199
175032
51714
18752
78894
65243
11296
147871
16441
16464
14625
120655
22001
163467
147355
193534
155753
105382
108270
186784
19632
21515
168945
122036
8340
28756
146770
171795
55640
111264
132629
102910
194990
3897
27320
117404
45380
118612
93489
185654
2224
82699
120716
143990
75722
160716
100153
90564
81323
67281
175179
123541
146885
123280
136365
183624
15403
136433
38725
64435
35597
34160
191205
176222
62462
19438
122743
193951
85048
34746
26053
137801
80306
150172
198855
96496
156331
184171
78834
135043
183235
176474
26353
105584
14244
140541
143064
62116
80425
18702
36782
166473
54641
70029
166648
49261
45214
104519
72259
71171
133367
70601
114317
61275
131970
166028
131855
166299
37266
107721
50805
154389
23243
9512
104141
103160
37370
38126
98088
15399
184009
75214
135265
175176
191809
148034
179518
91398
152722
61246
88489
61354
103848
5399
34158
175018
126475
157898
88032
53126
26883
86581
99648
37531
3246
175833
75965
163960
43084
176901
74246
153949
133441
173377
90395
175372
154078
100605
68238
193053
109006
22280
164805
80397
120713
198064
127502
75062
46832
148755
14490
6389
9948
156781
194365
92573
111967
28883
6096
34033
13175
90001
154824
88704
193039
1051
196877
87424
118019
90557
11034
3219
13163
27365
109993
11607
38077
157000
21907
83625
98510
99341
5953
151860
119477
193253
16690
99537
187330
111670
132894
57540
172317
166293
56003
51390
95032
43318
68221
67578
167619
172483
14422
84249
170504
12041
69854
184015
194903
35003
28253
124224
113651
144347
19361
14778
152928
471
42792
38125
120198
97208
147432
15547
118454
95840
58910
72245
46115
150199
156549
167946
22269
47293
68092
36412
90975
20040
173853
159181
192029
73598
76713
98866
164699
181503
101992
169321
190730
180233
189753
42303
186215
158894
92478
123424
27300
112316
81892
147746
119118
151952
59373
123494
141903
118306
183305
117460
62974
164170
131366
121875
6766
37415
18043
97008
68431
190428
166084
51264
32384
22725
64179
1317
175793
97376
189716
108007
108111
145451
55837
16963
173485
186260
19717
126049
103079
21804
136833
61790
32322
11087
57835
119218
34118
191351
14457
103686
26057
197084
184601
143287
167417
36669
54099
147410
56065
164982
85642
98372
104876
192402
181132
137774
35681
19686
96868
88192
53282
180291
3288
137665
197041
163825
54130
101475
15132
147630
168916
153187
151976
29693
57919
76142
119668
40887
32824
11818
147563
88027
644
40544
29730
108148
125849
151250
48464
4338
164936
49305
194143
30476
14755
33219
198529
146194
95965
191211
161898
127658
134812
3772
5494
167703
185212
128155
143864
121633
33948
193751
7663
40550
161328
143326
6248
127061
168339
51961
53471
63275
162097
77021
179321
96348
22632
19479
75951
100355
6397
132287
49102
113626
82171
22502
86789
129327
52526
9913
130624
25914
95784
51825
195755
155565
182595
90979
140055
181047
42052
79834
85552
100566
35873
15597
26573
93852
153963
10022
156332
161087
112914
152221
122886
172939
168759
185892
66404
158048
116328
146422
182018
118665
49049
81588
60654
81194
102101
44919
88879
111993
73673
177103
160294
183547
651
86954
76065
38735
45754
710
34554
46688
33777
103342
188500
43761
23343
138822
111141
117586
145243
125148
85308
167487
185469
184991
198866
134080
87907
186128
98498
177535
183021
127572
192752
195538
112145
49365
13693
197827
147210
138225
111606
181267
151386
176706
16714
20466
122536
24093
77284
107225
5911
156143
71752
68045
66940
144571
39455
10404
69378
182158
32121
48785
120150
30595
166483
91713
7302
58804
121283
73737
42474
39283
25736
158848
115827
192591
53297
112835
189700
55146
71778
39253
45903
75445
133809
185928
67833
39770
150014
177311
176781
65242
69334
20545
29805
48333
43359
118480
32456
31121
161480
15693
103272
92831
95321
76477
115174
137414
53039
152683
34854
141562
55572
133043
111956
89731
166972
147358
142444
158104
130577
60468
113210
83673
151326
107463
51990
88034
37909
128073
120491
99315
35112
134855
155733
131447
4232
15410
147069
121557
103052
109092
92408
169578
188632
46203
68706
114868
142339
53378
37879
123319
123546
184136
77058
159094
134816
102195
92889
116685
163219
184820
14199
177705
81747
131110
39699
24641
92172
20308
128807
79234
50516
79449
8514
154486
55127
14681
127400
135423
119570
41071
81638
185493
68741
46159
190355
180017
80754
56305
21270
21496
73142
65141
52425
133150
30923
151257
130205
31029
95223
125970
6504
20332
59338
72936
18219
125977
49185
116123
39797
127567
140532
193244
53274
37378
124717
119735
146568
23082
127309
59265
72002
115942
127715
187006
172566
64926
50722
34949
190189
23791
30248
92533
14406
123873
129931
73259
94341
6812
142188
118069
154753
41840
67629
62919
31540
43807
40907
76585
191831
69234
49289
198504
103782
16240
97472
49602
164256
65894
150875
116298
119363
115122
30445
130302
44351
61257
62094
90247
151960
114063
130904
158564
120131
142307
35376
9348
104103
116336
111421
46907
84073
4590
21486
152925
129256
172372
24161
93157
26227
90602
95598
70032
121062
178997
115771
123670
137041
119193
162281
162875
140161
62971
106903
135859
133626
22705
161538
31920
95157
94802
145943
164556
2293
43889
170052
155941
134869
129987
48726
118761
43521
117998
35187
107028
159046
137845
121784
4818
104545
109167
74787
145603
1268
197395
180663
89514
38583
152076
102842
196992
110242
45026
198006
59000
222
175113
124231
136289
188185
87077
145807
148702
193412
25856
174943
134987
170077
8338
20049
186413
127755
178415
143838
30728
179674
1496
170182
23918
48551
183636
154924
65594
19004
93045
122329
131410
199839
92291
88293
128586
109569
82731
86850
116561
144441
76986
112713
123391
23973
66987
180516
44012
22203
171737
130194
105637
39021
34776
21430
78028
161085
105027
88980
33506
135800
139189
126386
190978
36356
165147
144675
36609
152840
151931
30577
137896
86948
62907
20138
121118
182448
6685
184620
177289
160912
17238
76400
181940
33025
102299
7244
88168
183838
57624
99459
57220
120287
104333
38497
43195
178666
189557
138624
157609
51899
86874
145258
36697
60602
64078
55714
90172
157178
138055
10539
172853
121055
193913
163212
25144
148558
45598
158091
19823
116165
162800
173540
83011
73636
64736
44408
55380
150707
147185
27020
15736
9019
156100
31890
136924
6849
55554
50302
81216
51731
2731
48244
115356
61045
28757
128752
108252
83575
67660
138212
46370
84349
23543
78382
15849
43145
46019
97381
118492
53488
119932
95045
55736
52364
36911
10192
92365
128635
80123
172727
82567
113745
198785
182176
56862
128507
114344
19733
98551
44648
7769
88389
109523
193262
25886
55012
11501
88281
103391
145840
199533
175853
39268
50674
41018
63286
169830
95381
116098
185304
195207
128862
6897
85411
169572
82
24224
128447
181227
199519
193996
2005
12705
191136
172557
157228
180864
85337
45903
115490
57272
140719
120627
59685
64892
140808
55255
83805
144599
39465
3735
13434
31406
7302
18734
163773
116010
76309
194081
172487
49419
162417
3036
40873
118853
164013
133603
30778
147176
42030
140150
171661
78582
194098
135941
86447
143861
199680
150670
48615
167271
99739
84305
120721
137925
158289
67716
193645
155353
76656
142245
146553
125984
147533
121618
109983
116038
95532
119664
197807
74277
49356
5102
92870
2872
120599
116099
124804
135477
33647
97880
26880
157417
148629
16963
43828
67926
190117
72363
127875
11028
191137
145517
8608
92173
11313
115988
31343
104487
42667
196495
119638
21809
172759
138008
72099
48859
6631
1897
3079
149012
1390
113141
849
139233
160734
21335
34582
145698
63171
59999
195361
164337
175225
123240
146571
64032
133014
154968
35472
149201
116281
18016
24267
177355
113137
35302
61271
173612
32856
25806
76060
183421
190013
38947
81836
53422
105719
128296
49718
172426
191308
56805
109094
115798
52428
92373
102105
27372
153333
4091
97597
199424
132434
197562
194124
105758
96423
85223
77070
126373
101371
106425
22996
85124
27108
81649
55068
199667
84667
77322
171201
137743
56454
157962
171249
115396
65991
73831
105309
126383
83481
176747
42165
186849
41571
78370
51542
301
136521
22037
45040
56635
37485
151957
94758
108862
36011
155746
142312
28536
5550
83696
132879
39453
191025
177487
82840
1562
133251
95702
11363
123326
95076
186197
2685
157791
24575
6150
23841
85408
30785
155145
91213
92422
168411
148431
109206
104514
131480
186945
9483
80278
102376
112164
75087
19722
141334
8003
12572
13464
45995
146178
21230
102508
64780
149022
103253
151349
185846
130564
45261
149670
140101
9486
149445
64027
190126
5850
10550
199266
142065
148402
166660
37828
30389
136256
6005
184174
112935
46414
183667
31433
66947
41179
23636
76840
21006
99465
71464
147177
109128
68631
44515
23967
38987
146357
48594
39469
22455
197370
5859
80216
71645
107477
27802
6387
195563
176162
155988
199484
112071
82759
92209
131616
6696
185547
195739
135762
71959
125958
50464
180901
46361
152209
40681
105623
31179
50506
149356
193609
192407
53510
132211
113227
193241
48710
23456
120071
185425
171336
81295
3630
57281
128402
51678
127589
23037
86691
178693
59565
118830
183407
172781
27364
136042
111049
101933
51636
174171
134706
73320
68402
132875
44756
39481
183632
7252
26411
65023
49763
58173
183259
91823
188145
124751
30705
25691
64876
100325
24498
153460
60581
44608
192253
82053
15401
51953
164167
99591
173682
42306
4764
61673
115796
172277
197171
36048
199453
107694
64542
152055
24229
174706
41087
1645
197220
75551
137971
12106
8394
182354
168178
102630
1808
178645
160266
94974
121056
78033
68860
184963
133298
45985
147680
133672
134840
92353
13084
10392
66551
138049
171652
40851
40594
143545
78846
91440
13638
85782
138746
174490
171410
157877
151632
163922
50987
50769
172498
167040
80252
6866
161679
55592
191686
101473
188150
126363
147919
165691
85460
98945
146683
30610
102951
31259
107824
112841
78119
103497
98826
13612
167224
122701
180713
97011
89847
169685
100752
63852
101445
44101
151629
120797
67856
65352
116299
170028
62885
68763
33705
91990
144368
31961
150971
189087
118881
136295
186101
33670
72411
149303
146920
142924
172544
3470
193360
103945
44367
143164
68706
197905
129000
66956
34316
89657
84971
30997
22649
15185
192231
114771
85919
860
167516
26596
140414
87927
5074
148329
56452
82693
133189
94028
17404
112590
79822
54646
198183
10538
178394
172463
194453
117525
193652
107653
96149
47518
75555
85965
98106
45581
59362
13246
30723
89921
107956
196272
3964
84347
79203
84167
76381
19220
131233
31157
22271
63632
196356
188931
152569
194579
11965
108871
36455
93527
121661
189540
186224
197411
166589
40565
167032
49061
138462
15836
151241
173676
57452
166529
146900
189067
164504
122400
125542
20492
85739
156855
135681
55088
157092
498
104660
87120
189671
32481
113093
92721
135653
43327
47703
52043
198536
134049
136284
55683
177433
144974
133306
72067
78133
105018
187585
121304
183384
165440
64501
30262
86935
164075
99219
22693
160425
92598
63978
29629
30682
87021
53258
48857
27825
151776
46482
139733
197711
77873
117956
121124
167383
145817
106545
88871
176250
66622
7671
151231
33047
160135
70005
128457
93793
46931
122486
47604
193788
49313
73450
23079
173795
163277
131508
16494
104659
103428
112549
65633
194736
33889
112660
37171
190992
14192
85739
34823
130289
167181
77939
68184
138327
1431
16571
74455
185366
171474
118117
177755
10439
11540
104011
163078
177493
171680
53795
190609
89178
89844
111969
65326
106272
129128
106862
183431
27176
86436
82229
199961
187586
173635
57392
194923
65088
182999
32565
92151
179273
81329
69963
181262
153947
187649
190682
124697
20590
103912
45398
32292
127091
94422
33769
156219
121153
14774
162195
98087
99996
81715
132674
187552
144200
82906
161936
169507
101667
52065
26529
116826
79611
179013
197647
41414
88961
78319
19322
36163
15295
80267
155926
124580
97755
124508
150964
79609
43947
161201
106719
16861
116071
71434
129569
41594
26580
128628
9847
90185
34614
87438
121466
195130
182184
54301
196646
54654
100342
39758
59129
151471
122779
68951
77245
60084
1278
139719
196010
161765
11920
193618
16273
35853
147810
34961
175439
150598
7701
54298
164195
56024
141406
1272
198521
152916
151746
71082
167524
102216
185032
150568
56537
184673
165954
46094
198965
184355
39199
61874
13824
146822
94165
54910
165459
143867
129883
41139
101029
64305
37135
94498
154034
144421
179334
143866
178097
13981
129093
157571
163673
93815
102006
117296
3318
15920
37857
139046
6939
149573
15591
191795
108256
142474
133561
11692
122303
87089
86951
144783
50009
178254
66257
194695
45452
136467
119231
17995
119387
71239
156501
130255
103038
112920
91695
73014
14602
141605
183600
194110
49265
77919
103752
166173
43838
6612
188916
52965
69072
151415
73011
6550
117603
89461
187319
174152
1738
99152
65215
8991
45261
148768
99646
102428
185144
40903
115429
142769
128744
106168
17659
116260
21847
106078
167045
160392
48082
159919
184611
96220
99251
189264
156873
80090
177799
113483
138963
95389
154108
189226
167004
98772
12339
92363
107626
156240
29094
97935
187790
148287
46527
105081
50251
84183
82409
12237
14835
40425
79555
76697
96321
100484
194449
63299
68518
167331
156746
124800
133597
7621
53940
157900
47106
48385
164760
13797
96966
61636
58209
100231
117628
125265
181715
151806
2487
122237
107764
45683
36489
180200
180000
196335
3941
24673
70958
44240
107282
147362
88840
163079
28675
54194
108260
158141
117089
128119
77934
69506
190088
143356
21525
23178
195613
29744
101329
167145
10416
84188
199664
59401
28654
146008
102856
128046
93532
102565
161214
93507
151251
9778
131522
150930
20812
110823
104283
175926
95777
178680
199856
174095
122992
94180
88148
142379
1029
8171
141573
112578
49723
137679
27581
57535
131021
104586
172759
61585
170949
19214
97387
44129
96069
131650
78929
177875
186399
133612
68933
92383
15960
63283
197923
118213
81368
132256
101485
142621
129374
158889
144517
132503
181192
75072
141215
67697
75271
133464
188042
45288
5297
91854
109018
17647
170023
32733
23668
6744
122830
99256
199991
138188
101183
5537
102646
188696
19837
9844
86765
109703
121496
29177
134373
18296
162441
90464
94465
195565
148979
21189
107657
160699
92931
188502
57862
63966
179097
188800
143383
112404
45919
168909
94972
75773
83843
135596
190322
101599
195951
132165
94078
34999
90440
75008
181987
8030
131906
83878
102739
175268
12595
76549
35022
14685
120014
751
23711
156873
161195
32214
189611
72741
63285
78863
41165
1299
193713
185860
150312
57732
124392
84327
195486
72141
122188
78421
110428
94929
118083
102467
62477
189487
106150
119742
126552
141780
19974
142988
34166
131520
35700
152339
66173
132104
177637
17110
24951
107213
36750
9384
128128
82297
93353
100013
11994
37683
185260
94982
56886
166149
11634
61790
134356
26984
131149
126315
153978
145652
995
14186
134701
190910
80839
190319
192150
169891
150889
159725
101646
107823
31975
53563
165432
127362
104391
63635
104112
76487
67668
182508
85049
21975
168925
96639
66999
180765
125447
115653
116419
166571
105645
89794
182401
153838
68993
180750
129608
99894
42236
164554
95194
8244
110300
46812
156241
112209
119626
26436
191460
95157
123383
105177
119956
104823
88633
24535
27064
38722
187370
9878
53659
86050
77748
74534
115569
91173
35683
172883
38726
153323
128432
108633
32252
84517
181791
180033
116595
67502
19497
20409
181231
27195
15363
126543
62259
72561
113005
23197
187925
134204
197218
169368
94392
67664
195117
71396
187907
10713
20147
34580
84644
52467
159055
174357
151525
142633
154383
19173
147513
65419
57534
20986
133358
43418
110229
106769
84529
46809
52170
121822
173190
40017
96673
99180
192101
44498
183496
24035
174315
49809
136334
36893
115484
43804
199896
155615
149461
70249
198790
55547
74638
58007
183553
123867
182143
28971
131246
76587
175979
48324
10552
197466
96209
11915
46045
58270
162835
100397
43465
30056
167225
34100
184846
172865
151924
35267
147364
78645
22468
111739
28727
125833
91085
59058
67390
155168
140247
43129
25322
141182
153657
127299
101135
30613
26368
19903
70002
182575
120171
131451
40945
8966
63236
184448
184912
122798
92207
133684
52438
174602
15495
89967
12703
92898
31339
20687
118195
185576
74991
58912
182862
171111
138553
29819
162005
174203
90212
170428
75537
70498
193976
184216
113142
96327
148411
38375
148205
81669
52379
130498
51941
159645
178358
77022
34855
122197
52560
51523
21111
103941
12174
87989
1599
83941
78993
81302
20781
184062
113014
87899
94202
130253
4416
7289
96253
168798
15723
139910
16249
140799
153297
22420
183049
144018
5127
165004
37982
1011
43689
140570
187562
185515
119548
28533
23800
145194
190755
33250
89123
134553
108584
115600
175133
117969
172394
71567
127468
193508
35172
127196
131341
34016
67060
114629
62849
174463
197677
130672
174991
98267
197482
11681
180637
6785
27669
48664
41392
156713
62648
176694
194765
158691
190364
166605
59963
69602
47392
62504
194688
139771
73095
168984
111480
88030
49932
117317
36944
185975
24123
128124
194299
194425
116966
197608
28703
87350
14752
186607
147798
74916
3529
154116
23114
173913
95025
159470
160529
83967
158726
96336
71200
65111
85369
135414
10634
59248
183325
97117
96122
110917
33129
32373
92077
111567
121529
178079
194823
5928
75402
158004
39674
160825
94536
197521
63765
65618
107856
127336
137441
165100
156930
196972
80690
197437
194230
127209
141158
138295
28330
85045
48464
165039
160662
102678
41170
86053
85502
102453
78993
197740
107337
173266
61974
81111
159771
113741
186950
70751
37856
119179
137508
107722
17511
69992
154661
48747
105179
67036
115023
45955
146177
36223
49617
137590
190618
75908
57574
128322
42491
135440
127443
83510
158060
135680
170992
25328
157014
175496
93737
22872
188347
15248
55229
92015
139950
90403
197659
36795
90350
178988
21732
3073
121580
129297
156915
39583
161034
50746
178855
145458
32195
191632
130604
45811
138758
181794
70232
44150
171868
99006
176854
129678
118113
184919
168284
164609
139851
61496
105381
168505
186807
155010
157486
148599
148244
183429
196275
7399
132164
55583
8018
94044
35703
177834
112259
132780
82115
155612
30146
89134
197239
91462
141662
190567
142184
54946
20471
37249
179439
49281
164257
121727
149840
36275
100276
198791
171971
188228
39345
14583
5673
91286
101579
155016
137322
55129
34788
171965
115131
41012
63872
153202
98725
24954
181942
29145
67386
125448
57552
134279
5742
162446
69161
189730
65806
108744
8471
94324
31922
12565
111481
177969
103040
115479
145180
162215
75647
139960
147952
20833
59427
55318
75037
600
189999
23707
193011
129976
128667
123515
191484
196082
147274
158350
23419
194258
97035
11123
87277
108720
141577
11438
147499
59539
189073
130487
173319
37421
134054
41274
89129
162532
80595
141253
126789
176408
69965
171722
111194
148301
48611
170391
110469
42687
146435
2667
65299
34437
180586
199215
138628
152661
96146
115044
169791
178148
197801
131242
52810
153607
135437
55369
66615
7056
39410
17017
155496
83916
89711
159364
121323
92124
182263
40395
147415
68654
102686
135620
159342
16205
2714
165968
79782
134554
67652
40826
198049
73493
115170
165030
135340
188247
34219
105244
72313
173559
45772
12335
190915
141461
32779
181449
156712
27218
149658
140848
178980
192701
179454
28462
66861
171230
13074
75543
181550
91351
184374
79544
72768
149596
5312
162929
140024
57749
33562
123835
23380
189406
89699
141010
1376
66599
73018
7440
33190
48764
17910
172521
41467
69332
97708
122828
132941
116931
185613
169830
78847
93811
54284
5370
104159
46786
90387
45916
124048
138211
109442
86731
39516
60049
94299
106319
5339
90739
31834
30863
154485
92431
47843
75123
92162
44054
2624
64917
195516
146293
118885
170759
79318
110915
33583
5779
10059
119720
176303
158474
135325
141716
53755
147906
186804
25260
22858
149944
177493
117432
174113
49573
177705
36455
183269
75231
23197
173961
130120
153190
46086
132063
16021
141246
64435
86535
151333
94067
181445
30837
122281
161534
46433
7785
24044
101974
137633
47779
110887
117044
130968
137217
173603
59628
50852
119683
59383
174495
50086
30042
45894
79324
122340
181320
115070
80426
96801
18865
129126
49614
13789
14752
156791
60325
34761
67537
162980
126814
63677
177295
14881
48373
89889
41269
37376
83699
164732
119673
170735
191786
141362
181139
175938
178414
55167
169161
123597
141510
55036
183650
133355
40514
158572
184855
67669
1529
145455
45858
160145
182646
101395
7387
33431
130776
172587
100928
138386
69561
158840
64291
39923
150269
80301
49374
122127
190742
49600
71238
92446
20435
99006
160102
103956
186472
12469
47372
149783
87851
187510
40050
94527
94993
176538
54276
32849
37370
86848
63657
88323
151471
107221
189255
189405
199590
179107
13325
117841
135409
114915
76903
199945
94996
123411
52015
120471
148083
190356
21319
146996
170070
52540
70800
80598
174385
77773
84821
13356
47300
140411
60163
24479
154783
99208
74746
69588
1203
59801
92268
119828
147590
86008
49728
19199
196992
69041
34959
69629
93497
2518
161598
66376
38385
97862
90213
42060
165813
33736
177539
178758
122194
95952
100619
118056
61566
77573
174126
119006
159987
196125
2309
160165
198552
44855
148599
89212
152884
42582
42664
2866
156334
189033
67146
25288
186802
135763
79122
1191
14707
111286
61969
67271
50622
156655
96440
176439
103257
130879
184393
54684
6627
167390
182022
6878
180137
20474
22465
38022
141417
178273
132849
54521
72705
103388
4919
150975
119660
33829
86510
10296
20226
171852
110527
146280
177096
119223
96603
164638
185313
195503
139356
167241
56800
71950
166176
135767
44540
179263
972
5768
52536
95763
39719
49664
163587
135133
41651
98154
12355
78050
130790
126264
148960
28213
123026
136633
195800
190850
134365
82948
119036
132781
173341
21411
173061
17430
127846
23110
41006
2764
83613
184161
39975
143862
57176
52612
96309
122681
108251
141750
50130
63995
134922
172138
133086
116749
121281
171011
153154
10426
103428
109503
52550
184510
11591
196150
62113
126810
144626
51586
100541
1273
134376
115750
1673
102364
192744
199054
148321
130945
188456
24199
102112
49711
85461
137924
88989
144078
42027
8165
179987
111271
71328
149142
81455
2682
46556
138487
44457
112515
186753
144050
193463
7935
68873
134132
88514
177346
67965
110980
25320
159552
199373
41901
51177
122505
123443
81690
177707
129624
41998
97806
152149
127370
110559
64405
9754
51248
54905
12643
117694
122420
195106
13560
28515
3406
101317
190018
114413
71226
186348
57012
141263
56339
116655
29104
51581
127465
164060
42181
136033
27582
36751
42242
186015
177234
124820
22866
155732
175596
131029
24826
11277
154025
98930
95660
35811
78792
179682
171393
13728
114493
94853
189179
171931
22165
138755
94041
135414
165093
24682
175826
8493
162458
185836
69273
108674
19350
141351
133643
110219
182404
191200
106455
4202
160128
157726
169976
154122
23189
169110
82587
103375
33906
60004
71711
10194
139393
161392
83840
112156
184671
70640
124285
185037
96950
135948
27408
69919
79167
7608
72339
119819
175609
23587
12557
62356
106785
138691
4393
100571
25326
20496
4603
29704
189664
77737
32217
173014
133279
28807
137774
120119
175927
104816
187915
97008
106667
126579
119112
32731
196754
154570
165935
2669
115601
45558
134833
127830
151429
158115
47737
65554
33404
101696
52460
45544
115270
49298
169301
75575
43129
83309
38368
117786
116181
179754
63387
164731
154095
189125
45563
116873
149209
102796
60959
63339
7076
149390
151874
192680
61350
187579
95580
13152
132288
194793
4001
165006
185636
158376
78328
52443
131632
199266
100308
94545
159052
41458
51371
185887
186863
52998
84480
156760
162606
76593
69197
119171
100075
52528
71828
179812
32297
165095
144901
184299
90978
155389
151043
70927
36236
31689
142606
88976
177553
92128
161482
26464
146447
43299
41831
136202
149686
118754
195628
177473
176745
21642
20840
138802
194449
191746
19953
123648
16241
173217
138213
92804
140221
60096
102021
33477
165691
65122
48237
195783
106870
29130
190969
101154
154135
3157
24013
18997
129200
117338
101423
156429
19086
36251
104188
142122
168063
172932
178738
89012
99865
121032
39860
48118
170464
91194
55798
94388
154646
65397
198553
114522
157424
177405
159470
4805
142019
128165
125222
39630
77268
163306
20100
153028
95436
102399
130531
45044
179510
36723
91448
43602
10843
163162
109739
71764
66457
23472
31559
141652
90735
17611
35061
179752
171954
1744
193617
174030
34090
12864
126862
58882
145821
43141
6340
49917
182683
76162
27601
27240
179120
198979
80168
174437
4565
148609
94759
72016
60079
83930
178264
600
67230
117497
55517
158217
145810
110070
107982
89393
91960
40155
132136
140212
162573
31136
113136
119664
172161
69670
46979
94290
4526
190162
52972
181075
24522
61214
165158
192474
181748
59315
8867
9815
180179
155187
75978
69479
169454
171143
71580
9365
137471
53246
42427
15032
62580
84999
194058
128668
28152
38064
95099
132602
116303
138232
199221
6794
160465
156720
191202
199203
29193
93875
44676
110181
72276
114505
45887
20882
10426
182826
39432
186353
98679
28703
131247
8180
21679
66500
32433
90318
24687
40763
189621
167635
76865
130236
26710
130801
179625
129787
32244
76964
92632
66551
60124
25674
19888
33156
93934
173945
98805
96697
197588
85068
65318
53854
49146
18559
135128
68358
40370
105214
169126
112575
97951
188777
11254
81756
165521
199997
182070
175176
192957
156901
140849
191028
23472
1441
102480
15363
171978
125089
59201
678
163960
179154
31545
190585
47013
15746
187245
75943
896
180328
159673
128794
86027
171990
11560
164508
121316
63169
133266
197072
180064
158964
65621
38895
169700
138970
173738
62489
43887
36108
156609
21027
392
160856
15919
73995
169575
128868
99256
4369
180148
75094
63800
75804
5518
163530
56098
29383
136948
138502
13159
59074
43448
180489
61308
12319
35018
2760
46377
119253
99721
148545
143154
62928
118071
160159
181438
77783
116720
175720
58894
33085
189008
125891
188915
116045
115790
165536
23625
22852
146873
106939
97258
59206
90066
144354
164238
106775
144290
170009
69537
23775
158959
133033
104981
88560
67195
142856
195899
1036
183736
137894
39397
60918
111377
191009
95471
195978
124979
132489
21649
137625
1465
17875
146801
59512
20977
16691
43814
29276
190798
11527
59064
152129
12770
187255
56780
68713
96632
175556
90243
177262
57491
70090
55793
100263
48536
125715
139464
78862
117944
115181
190357
51456
13861
82613
32569
820
142132
95574
19229
104383
37143
41804
115579
80962
130468
112110
109565
188343
161024
192764
149201
20745
55499
61976
53757
144056
36358
135297
192718
33763
49792
49931
59439
101548
113308
58857
107128
41574
110692
76178
115132
111661
162682
74012
160004
159326
83044
119567
144679
27395
177239
97822
60293
128961
76240
4445
2312
132618
90606
54619
6745
33546
117588
141390
79154
191177
68739
118308
74918
155821
171181
75764
147533
188738
128814
128303
79549
90562
154150
184372
59625
178681
47185
15340
89312
172810
149775
105554
25910
166532
62222
82966
168268
73986
68601
145976
25728
155703
126326
116840
11658
25544
166989
142893
165947
188641
33136
13129
164698
159339
129910
151307
98697
138397
177518
179031
188836
14396
144533
164886
72581
172688
154969
101364
58586
190738
126981
152877
10242
180683
134575
66159
46714
92009
59548
195787
145802
44437
55993
117504
105992
90058
81757
162200
189501
186414
143881
79347
96404
3329
131241
120595
4121
26631
55978
188213
101216
162669
105126
100377
148582
131376
89223
125718
61973
125090
151883
120907
188462
58305
44499
62173
152226
19897
14888
65569
183432
131147
148240
661
21956
159362
89653
73931
95594
93558
3079
162543
179475
162278
148475
39456
48232
111343
64567
122662
170725
161195
121948
168427
5537
126577
149072
122496
106741
193034
99256
144930
165295
77638
138094
21116
186526
96056
168403
83931
77052
106297
71687
31571
51772
111338
102125
138775
29466
91972
117754
13063
110088
135513
55104
84029
3416
28672
141383
76322
27798
52657
105247
118440
21859
85223
58509
105800
185314
41878
33083
157685
85928
97039
49624
105421
96795
125442
34359
124982
177694
198920
186892
24918
191244
38618
45263
10134
166633
70656
88007
137668
162225
43314
90722
168680
171363
44786
114690
153105
189535
97811
164132
114845
127361
185144
128811
75066
169961
178136
84315
36802
67002
195018
66086
154452
100556
44368
12593
5613
14566
38482
29506
115581
58341
98519
53540
126797
14098
37738
53422
192042
172119
147461
177616
4374
41588
25368
68980
134898
94827
133439
108814
97554
35497
27251
27647
33392
93853
183758
146383
190727
126115
187225
9366
166172
49275
138565
41487
127053
165527
63856
46607
144814
73232
188792
33489
191023
29263
154649
74159
26858
28064
158936
85820
166294
171817
15895
136185
151770
108838
179898
151320
10717
117411
109521
178755
149433
116102
41569
51748
108125
85711
23472
73630
91903
168473
87131
94515
187162
90226
120222
71343
45234
195935
115687
43010
52163
189934
111390
17355
178918
33031
170976
190525
45011
150391
191069
77505
95067
191148
123941
124487
19827
188809
55022
18045
33098
198909
159684
69514
32009
186422
4531
127382
134693
134370
66486
146833
192809
73840
97759
47311
121368
67867
92533
20416
149438
190616
12886
75440
65151
44464
107915
44651
183425
80579
5710
7922
195139
11367
119830
57770
198888
89157
23119
74754
121780
74090
158291
141642
20550
168995
179842
51270
159302
88298
94561
75622
178766
146799
36543
49703
48201
10791
62311
83844
112745
35732
104897
137858
162830
160924
4794
52074
58788
13856
124220
33767
104990
80476
138635
65333
196954
87359
121974
46885
79540
199201
64522
83826
2465
13413
32332
197802
106841
12356
150030
158293
77427
43353
56075
20839
125775
103744
183397
4688
3266
146729
102219
195772
188680
106044
122551
13748
164733
109663
9208
113809
146300
167561
75862
174874
20810
82106
142904
18859
83453
122411
155586
73291
38426
47120
23941
199826
100077
81472
183591
92127
34583
123391
199701
100887
186950
82470
43783
144546
193568
155820
141992
59331
1280
104369
186461
107695
183787
155453
38434
167222
199012
20048
21814
150456
162377
86888
103117
73199
3602
91307
2074
26279
192361
79856
89092
72285
115148
126878
105214
88220
143827
186771
183961
192238
141516
16384
121741
69256
15143
29389
65757
63961
125910
151622
41966
76048
70518
149707
117815
115434
74542
147432
123957
133700
121380
167278
89242
11053
100156
37962
78107
19066
10133
116356
18658
32587
184256
34685
87745
25397
179245
191627
23111
145257
162873
56786
116787
34848
89629
162113
177526
18487
196522
54116
158241
30139
186608
142835
167708
197139
30179
141610
53687
160647
29310
52795
108303
184551
197243
196419
136213
156781
77397
53750
160296
25157
106255
5478
175861
131035
15623
41951
109127
177156
172889
121277
68053
111210
24248
137964
43052
5267
5722
8423
80788
92214
148807
83731
30639
94902
13002
20566
142513
14210
85431
189023
170052
150249
150743
22438
108610
138600
491
75790
94222
52207
186209
126017
176779
177550
141205
140960
17238
17627
11181
196843
169785
188678
129885
5212
185140
150914
107877
49586
12745
172985
45262
91458
138364
104786
84706
90840
199108
63241
187176
141590
5795
26109
147831
197295
70234
90956
107198
70211
49362
36550
16076
86105
12481
188963
107973
120306
195741
23942
73197
78026
127186
48962
67184
179625
178674
68097
195883
161509
88159
120333
44193
71912
167550
111935
118259
183778
62713
71401
96520
151484
45231
73163
67515
133743
53206
279
56016
193594
93864
3354
17470
197528
11980
157295
40623
885
154914
63981
5214
161583
39687
190931
19601
43003
5519
168418
194143
76278
52008
90997
58455
73039
47057
177116
184337
143329
13052
177238
77737
3720
13304
145795
178487
121213
195283
11796
116073
50476
184395
107526
17220
51000
169487
35217
21219
113033
7832
166286
167790
21451
79808
76833
139511
12233
71115
84780
155120
172487
56916
141651
99210
59565
194997
6821
80835
105782
140171
166228
41233
94428
42268
84285
2691
97178
49852
141924
136483
41514
37484
54039
38057
193615
82696
137967
73251
42780
184317
139845
115628
105131
174905
191359
64321
198610
13993
48232
160552
117723
157374
30805
155676
107917
11931
198517
199154
88387
152993
119795
195293
68827
112364
68166
74275
50355
30486
72546
157422
116981
148523
119086
104616
132647
127193
114593
168352
1861
128597
44133
171778
95569
126151
101421
111895
9143
4754
85916
62448
180294
164074
52872
143623
139805
123162
62712
74146
6643
127786
127114
56543
178906
60705
17264
148443
153448
167159
159567
59770
178832
81812
89313
62513
17804
102663
153100
17490
80253
37551
180537
122295
81973
193860
105936
123600
105500
171720
105445
38254
110531
135254
148689
94190
178658
110561
61594
2047
51237
165075
134783
155317
68635
99581
23656
52750
199737
60418
78585
164004
103004
127362
106277
3488
22963
120215
117979
189
190625
60901
127710
120736
88409
174864
55028
18607
130286
59787
47158
150939
34131
84070
26252
68415
12755
62375
3666
199529
147910
186443
137703
136132
94624
198554
197669
107638
44625
175827
17235
167933
26356
64599
58247
171028
86129
6818
48091
151275
191304
153356
141701
1703
64773
100395
135180
122598
41355
39695
175882
142589
34954
261
31704
20456
169380
127269
173236
79674
91020
169309
160138
130385
19138
65503
192540
5873
68737
145335
41581
25773
14435
89290
179149
977
93688
17366
100950
196493
128764
181049
10253
110259
154337
150599
89727
105070
124486
128739
87335
198605
192975
171036
54475
147004
100461
38672
93588
189372
60827
97174
39120
123778
95142
35672
56069
176219
30234
168500
2599
37260
162864
50181
171712
120060
140884
162208
123001
138735
91087
176462
6519
48451
11624
77791
56663
65395
525
134267
83974
118609
73073
26835
181554
187202
139402
33152
73413
175264
22374
153394
72876
36166
140680
161439
76431
89317
112708
78905
143401
139912
173433
103535
197177
115613
64658
35973
116399
43984
23452
118515
1640
35725
105304
82098
139957
25662
20240
42837
23858
133596
36144
131987
196955
35573
3731
59888
162371
160692
51492
54342
90309
57107
162148
193645
78490
17997
90156
161918
61950
175200
117257
12731
136476
185862
52082
178193
23044
192489
179658
88529
42245
559
92111
148022
189409
107690
3893
108121
191224
164097
148280
106679
116980
172096
21904
89771
83390
143726
88438
123216
53638
42472
87816
16033
128547
42560
51325
40255
98936
99606
174652
34360
136426
132695
168769
29564
112972
69178
170662
182033
28752
160959
21623
195049
86269
36723
142237
163942
30634
6212
132824
130412
141723
67618
168099
15213
43944
104957
193115
59232
163087
78942
34233
51429
194194
22356
161451
73928
19921
97178
26785
180704
199570
66629
93780
69178
136786
112015
113491
96115
142019
160803
25565
43902
125800
88193
24610
95070
90904
139749
107214
198984
162866
163269
112754
29999
102274
143723
104046
73062
62192
139273
52190
115751
167862
113775
88888
190405
71027
181539
29125
124111
46162
7528
5406
148536
27297
127335
144053
166533
157421
158189
186541
27652
161074
170044
37592
193343
131860
195321
81717
88256
164558
165442
167143
97665
114669
64035
39776
82855
27553
194999
131439
62934
61639
55493
73208
40149
125433
65247
13932
177370
110947
70664
16197
115969
22002
56682
65209
53753
147592
117263
148746
158949
37532
175789
69579
131222
34158
142191
82939
6060
9363
176713
153607
19455
179571
14789
147849
23801
133332
97457
97651
177700
97758
159909
27255
78986
168447
109206
173075
154083
43006
42820
142378
12197
144778
16909
85989
40131
122192
14066
111706
61147
67477
122779
127587
34665
72047
170101
181957
104274
103848
91270
158241
152226
82313
165585
118893
140123
161436
123587
161481
37798
29072
112319
36876
29808
187564
171323
164847
2005
192902
178574
18330
152046
181072
112081
99116
110910
11065
1373
61066
62811
166350
19325
177934
182385
137618
128958
77653
38832
197241
36852
406
157492
96128
60453
34951
182179
135768
177249
108170
181650
31945
93718
120039
54358
34181
30292
190989
123716
159375
166676
193652
53692
1295
56710
83693
55232
69694
120332
22380
155157
75200
126534
109087
132666
914
